#doc name topic proportion ...
0	Chapter_8_p218,paragraph,anne	0	0.7383335434274991	1	0.21623138108415757	2	0.045435075488343406	
1	Chapter_20_p691,paragraph,while	0	0.6049021581855477	1	0.2855382046756214	2	0.10955963713883088	
2	Chapter_18_p606,paragraph,anne	0	0.7205412343338493	1	0.1627625745890383	2	0.11669619107711252	
3	Chapter_11_p360,paragraph,the	0	0.835104878672405	2	0.08712934892131312	1	0.07776577240628195	
4	Chapter_3_p54,paragraph,	0	0.5711669063917081	1	0.27086113061791295	2	0.15797196299037897	
5	Chapter_19_p667,paragraph,after	0	0.7305970989374989	1	0.19288918797678453	2	0.07651371308571661	
6	Chapter_23_p951,paragraph,mrs	0	0.7919405496195608	1	0.13141527276172338	2	0.07664417761871588	
7	Chapter_18_p617,paragraph,	0	0.6353767804672584	1	0.30131100244051096	2	0.06331221709223066	
8	Chapter_11_p370,paragraph,captain	2	0.4600471253390929	0	0.41034501929551825	1	0.1296078553653889	
9	Chapter_9_p304,paragraph,her	0	0.8208772582379907	2	0.09308121818489229	1	0.08604152357711704	
10	Chapter_15_p534,paragraph,mr	0	0.6511132462664629	1	0.26153527819932015	2	0.08735147553421693	
11	Chapter_9_p288,paragraph,as	0	0.6175091698900774	1	0.312303382538624	2	0.07018744757129865	
12	Chapter_23_p970,paragraph,there	0	0.36052889165213065	1	0.32525545898558833	2	0.31421564936228114	
13	Chapter_21_p792,paragraph,	1	0.5288469738900166	0	0.3629100428909761	2	0.10824298321900751	
14	Chapter_16_p570,paragraph,he	0	0.6610539549524389	1	0.2352441328888903	2	0.10370191215867082	
15	Chapter_8_p252,paragraph,	0	0.673217942878722	1	0.2596991515757251	2	0.06708290554555288	
16	Chapter_2_p28,paragraph,this	1	0.4773596790559239	0	0.4322684752350862	2	0.09037184570899003	
17	Chapter_12_p428,paragraph,they	0	0.7101944840576405	1	0.16241432185321486	2	0.12739119408914465	
18	Chapter_23_p989,paragraph,it	0	0.6012347320255873	1	0.2673536766825754	2	0.13141159129183727	
19	Chapter_21_p759,paragraph,anne	0	0.7305970989374989	1	0.22887254523408634	2	0.04053035582841479	
20	Chapter_20_p690,paragraph,sir	0	0.7342041514491593	1	0.20307621467583614	2	0.06271963387500468	
21	Chapter_10_p343,paragraph,the	0	0.7716763553213114	1	0.16347694194931717	2	0.0648467027293715	
22	Chapter_1_p13,paragraph,it	1	0.4995218956489709	0	0.43005194837571914	2	0.07042615597531009	
23	Chapter_11_p368,paragraph,there	0	0.5872601699874143	1	0.2536359130730027	2	0.1591039169395831	
24	Chapter_5_p92,paragraph,this	0	0.47850858476891434	1	0.42056011345187716	2	0.10093130177920856	
25	Chapter_13_p476,paragraph,as	0	0.7117611702997624	1	0.2641664022527785	2	0.02407242744745917	
26	Chapter_17_p580,paragraph,anne	0	0.38185179178593015	2	0.3607481330633253	1	0.25740007515074464	
27	Chapter_21_p776,paragraph,	0	0.660057339176706	1	0.2770150318629809	2	0.0629276289603133	
28	Chapter_10_p325,paragraph,the	0	0.8783951992472079	1	0.07680847003508982	2	0.04479633071770249	
29	Chapter_18_p614,paragraph,	0	0.671493213667191	1	0.23520684822134819	2	0.09329993811146083	
30	Chapter_21_p818,paragraph,	0	0.6136608996017626	1	0.31925619485268447	2	0.06708290554555288	
31	Chapter_21_p770,paragraph,	1	0.5386921498242969	0	0.43913123931144105	2	0.022176610864262047	
32	Chapter_15_p525,paragraph,sir	0	0.6085617653230451	1	0.3493950229403786	2	0.04204321173657641	
33	Chapter_23_p926,paragraph,	0	0.673217942878722	1	0.2596991515757251	2	0.06708290554555288	
34	Chapter_14_p488,paragraph,though	0	0.814100034985877	1	0.151487561481679	2	0.034412403532444055	
35	Chapter_14_p511,paragraph,this	0	0.6276155233845642	1	0.32296222878660186	2	0.04942224782883401	
36	Chapter_7_p199,paragraph,alas	0	0.5206379320496413	1	0.3719190793020466	2	0.10744298864831212	
37	Chapter_22_p848,paragraph,	0	0.681548306533305	1	0.28064235174028956	2	0.03780934172640548	
38	Chapter_22_p909,paragraph,the	0	0.7429096758992567	1	0.2294770202023315	2	0.027613303898411826	
39	Chapter_9_p285,paragraph,	0	0.681121556433011	1	0.27816561019856606	2	0.04071283336842309	
40	Chapter_3_p66,paragraph,but	0	0.7023089063424138	1	0.2460007949096749	2	0.05169029874791132	
41	Chapter_5_p96,paragraph,lady	0	0.8413317299334185	1	0.12310476957413861	2	0.035563500492442925	
42	Chapter_19_p669,paragraph,she	0	0.7320175201804359	1	0.23118820875547796	2	0.03679427106408616	
43	Chapter_12_p415,paragraph,captain	0	0.6123416881077561	1	0.2977960601163969	2	0.08986225177584706	
44	Chapter_18_p646,paragraph,this	0	0.7435428730512929	1	0.23130981263530578	2	0.02514731431340146	
45	Chapter_16_p563,paragraph,lady	0	0.6231729688750949	1	0.3453561103734245	2	0.03147092075148069	
46	Chapter_12_p430,paragraph,the	0	0.7151159134096019	1	0.14637192423510192	2	0.1385121623552962	
47	Chapter_6_p154,paragraph,mrs	0	0.6421780886814068	1	0.26831527004026906	2	0.08950664127832425	
48	Chapter_10_p314,paragraph,it	0	0.5541038563248033	1	0.37881323812964385	2	0.06708290554555288	
49	Chapter_14_p492,paragraph,	0	0.8505585202120339	1	0.11199931532872828	2	0.03744216445923786	
50	Chapter_11_p354,paragraph,it	0	0.6691786203900938	1	0.25942792702817735	2	0.07139345258172898	
51	Chapter_20_p716,paragraph,	0	0.5436945770576417	1	0.4021288931213795	2	0.05417652982097882	
52	Chapter_13_p458,paragraph,charles	0	0.6635985063380782	1	0.19728517358003572	2	0.13911632008188626	
53	Chapter_18_p651,paragraph,	0	0.5619811244470756	1	0.40143748361023884	2	0.03658139194268567	
54	Chapter_20_p737,paragraph,a	0	0.7330384351308212	1	0.16861924224076472	2	0.09834232262841416	
55	Chapter_21_p753,paragraph,	0	0.610526317783013	1	0.3377833834690757	2	0.05169029874791132	
56	Chapter_23_p981,paragraph,their	0	0.6006708067488822	1	0.2365919891477735	2	0.16273720410334436	
57	Chapter_7_p185,paragraph,	0	0.6586303844228953	1	0.30083925974868997	2	0.04053035582841479	
58	Chapter_1_p12,paragraph,a	0	0.5402811906933294	1	0.407430278856445	2	0.052288530450225655	
59	Chapter_13_p478,paragraph,admiral	0	0.6085617653230451	1	0.3493950229403786	2	0.04204321173657641	
60	Chapter_1_p10,paragraph,that	1	0.4940439047766279	0	0.47113771722584696	2	0.03481837799752526	
61	Chapter_19_p677,paragraph,anne	0	0.5851203775214004	1	0.3545141815670968	2	0.06036544091150284	
62	Chapter_22_p858,paragraph,	0	0.6836279264284431	1	0.24809687727273272	2	0.06827519629882432	
63	Chapter_19_p679,paragraph,another	0	0.660057339176706	1	0.3066090387790638	2	0.03333362204423033	
64	Chapter_13_p459,paragraph,they	0	0.8016650838477489	1	0.1720122362481951	2	0.026322679904056068	
65	Chapter_14_p496,paragraph,	0	0.6430459186850052	1	0.31589715412469366	2	0.04105692719030127	
66	Chapter_3_p57,paragraph,	0	0.37629939027285386	1	0.3473847521532052	2	0.2763158575739411	
67	Chapter_3_p65,paragraph,	0	0.6865624828116863	1	0.25740007515074464	2	0.05603744203756908	
68	Chapter_21_p754,paragraph,	0	0.7951942136743854	1	0.1627625745890383	2	0.04204321173657641	
69	Chapter_21_p773,paragraph,	0	0.5402811906933294	1	0.42415530881422775	2	0.035563500492442925	
70	Chapter_20_p707,paragraph,the	0	0.6960390312252615	1	0.24769400005963274	2	0.056266968715105836	
71	Chapter_14_p524,paragraph,she	0	0.6432680954081759	1	0.30938704006516393	2	0.047344864526660285	
72	Chapter_2_p32,paragraph,there	0	0.6690175654540765	1	0.2855382046756214	2	0.0454442298703021	
73	Chapter_12_p422,paragraph,anne	0	0.5582007070988189	1	0.25496650547324257	2	0.18683278742793863	
74	Chapter_20_p711,paragraph,these	0	0.7376864340313053	2	0.16273720410334436	1	0.0995763618653504	
75	Chapter_10_p311,paragraph,anne	0	0.6882433772873918	2	0.23648855760344403	1	0.0752680651091643	
76	Chapter_12_p394,paragraph,	0	0.6276155233845642	1	0.32296222878660186	2	0.04942224782883401	
77	Chapter_6_p161,paragraph,he	0	0.6690175654540765	1	0.30691000709846433	2	0.02407242744745917	
78	Chapter_17_p594,paragraph,	0	0.6276155233845642	1	0.32296222878660186	2	0.04942224782883401	
79	Chapter_8_p255,paragraph,	0	0.610526317783013	1	0.3377833834690757	2	0.05169029874791132	
80	Chapter_24_p1004,paragraph,anne	0	0.5327561335428616	1	0.4320333482098478	2	0.035210518247290816	
81	Chapter_9_p290,paragraph,	0	0.7097055619922155	1	0.20784727336142497	2	0.0824471646463597	
82	Chapter_23_p956,paragraph,such	0	0.8409714233398649	1	0.13141527276172338	2	0.027613303898411826	
83	Chapter_8_p224,paragraph,	0	0.5246920940482253	2	0.24806221284521376	1	0.22724569310656098	
84	Chapter_8_p235,paragraph,	0	0.6012347320255873	1	0.35142040344775244	2	0.047344864526660285	
85	Chapter_23_p960,paragraph,anxious	0	0.6015632820347727	1	0.33849385212916155	2	0.059942865836065805	
86	Chapter_3_p47,paragraph,	0	0.4758086747039663	1	0.38547302179009	2	0.1387183035059438	
87	Chapter_5_p127,paragraph,	0	0.6722248550758418	1	0.2203321562758461	2	0.10744298864831212	
88	Chapter_12_p433,paragraph,louisa	0	0.6353767804672584	1	0.30131100244051096	2	0.06331221709223066	
89	Chapter_11_p367,paragraph,captain	0	0.7272987399554095	1	0.2000420155120314	2	0.0726592445325591	
90	Chapter_8_p236,paragraph,her	0	0.7305970989374989	1	0.19288918797678453	2	0.07651371308571661	
91	Chapter_18_p648,paragraph,anne	0	0.5541038563248033	1	0.31925619485268447	2	0.12663994882251225	
92	Chapter_12_p429,paragraph,louisa	0	0.6334154430827544	1	0.2816073676238256	2	0.08497718929341998	
93	Chapter_21_p763,paragraph,	0	0.6547813086797174	1	0.28527582548421687	2	0.059942865836065805	
94	Chapter_22_p864,paragraph,	0	0.6334154430827544	1	0.3359690421410902	2	0.03061551477615538	
95	Chapter_18_p612,paragraph,	0	0.8667872307327229	1	0.09987937249885646	2	0.03333339676842068	
96	Chapter_12_p453,paragraph,she	0	0.5137102721518204	1	0.4484803861217741	2	0.03780934172640548	
97	Chapter_10_p307,paragraph,one	0	0.821800465943249	1	0.14161814211406543	2	0.03658139194268567	
98	Chapter_19_p668,paragraph,she	0	0.6321580045498524	1	0.32416860952496945	2	0.0436733859251782	
99	Chapter_7_p180,paragraph,	0	0.7678614998432077	1	0.19260811878859538	2	0.03953038136819694	
100	Chapter_12_p379,paragraph,anne	0	0.5572632756838608	2	0.29781802906657484	1	0.14491869524956436	
101	Chapter_11_p375,paragraph,while	2	0.38235659670940864	0	0.3426904826817623	1	0.27495292060882914	
102	Chapter_7_p191,paragraph,she	0	0.7848019397251397	1	0.1540791837685773	2	0.061118876506283136	
103	Chapter_23_p934,paragraph,	0	0.4851331208300623	1	0.3860334192794988	2	0.1288334598904389	
104	Chapter_10_p331,paragraph,he	0	0.6938788021789527	2	0.17470592505932397	1	0.13141527276172338	
105	Chapter_8_p264,paragraph,	0	0.552612539447106	1	0.2907307476986437	2	0.15665671285425042	
106	Chapter_1_p11,paragraph,to	0	0.5472778790281174	1	0.4149127792454772	2	0.03780934172640548	
107	Chapter_20_p709,paragraph,very	0	0.5549989309880745	1	0.3736076164301966	2	0.07139345258172898	
108	Chapter_5_p95,paragraph,the	0	0.6010202990268211	1	0.2903900508065518	2	0.10858965016662725	
109	Chapter_17_p572,paragraph,she	0	0.718550637623339	1	0.2659753376866119	2	0.015474024690049154	
110	Chapter_21_p829,paragraph,	0	0.4994084756824275	1	0.48039415172572547	2	0.020197372591847104	
111	Chapter_11_p369,paragraph,on	0	0.47793492329514103	2	0.41276617591158205	1	0.109298900793277	
112	Chapter_21_p800,paragraph,	0	0.621695880733775	1	0.32139010495997977	2	0.05691401430624528	
113	Chapter_2_p24,paragraph,mr	1	0.5633716361725795	0	0.4125559363799614	2	0.02407242744745917	
114	Chapter_17_p591,paragraph,anne	1	0.4948473042441072	0	0.46539608074170613	2	0.03975661501418679	
115	Chapter_15_p539,paragraph,	0	0.5436945770576417	1	0.35403029177274703	2	0.1022751311696113	
116	Chapter_15_p537,paragraph,mr	1	0.5586763648972723	0	0.3685026494632166	2	0.07282098563951114	
117	Chapter_23_p915,paragraph,	0	0.6879903811035392	1	0.2578330890754821	2	0.05417652982097882	
118	Chapter_1_p14,paragraph,elizabeth	1	0.6025595701829015	0	0.38736477338090286	2	0.010075656436195766	
119	Chapter_20_p697,paragraph,	0	0.4858446143312537	1	0.39148758895484015	2	0.1226677967139062	
120	Chapter_6_p142,paragraph,as	0	0.7364485981477432	1	0.21011258515712222	2	0.053438816695134665	
121	Chapter_22_p882,paragraph,to	0	0.6801059863915403	1	0.30040358714067217	2	0.019490426467787612	
122	Chapter_17_p588,paragraph,	0	0.6173200571237336	1	0.337244867387923	2	0.045435075488343406	
123	Chapter_8_p238,paragraph,	0	0.7716763553213114	1	0.19397346312395897	2	0.03435018155472971	
124	Chapter_3_p58,paragraph,it	1	0.5894710514747717	0	0.36207130951183153	2	0.048457639013396864	
125	Chapter_17_p579,paragraph,there	0	0.5442329544178067	1	0.35997699002880074	2	0.09579005555339257	
126	Chapter_12_p380,paragraph,	0	0.7232911323331014	1	0.2316580217082908	2	0.04505084595860785	
127	Chapter_22_p892,paragraph,charles	0	0.7908146332233036	1	0.12183389124247954	2	0.08735147553421693	
128	Chapter_12_p454,paragraph,when	0	0.681548306533305	1	0.28064235174028956	2	0.03780934172640548	
129	Chapter_23_p992,paragraph,	0	0.6107908594889028	1	0.33577032381596267	2	0.053438816695134665	
130	Chapter_22_p881,paragraph,	0	0.5315532424274458	1	0.3598571074059269	2	0.10858965016662725	
131	Chapter_11_p353,paragraph,the	0	0.6701268069815522	1	0.2629866844646681	2	0.0668865085537797	
132	Chapter_20_p706,paragraph,as	0	0.7130525561203794	1	0.25430997103063613	2	0.032637472848984536	
133	Chapter_20_p727,paragraph,	0	0.4951272287448833	1	0.4449299054190509	2	0.059942865836065805	
134	Chapter_20_p729,paragraph,	0	0.6946137416801972	1	0.22887254523408634	2	0.07651371308571661	
135	Chapter_5_p126,paragraph,	0	0.6879903811035392	1	0.2578330890754821	2	0.05417652982097882	
136	Chapter_21_p789,paragraph,	0	0.5541038563248033	1	0.2596991515757251	2	0.18619699209947163	
137	Chapter_12_p401,paragraph,breakfast	0	0.7399544122255712	1	0.15145593760780157	2	0.10858965016662725	
138	Chapter_22_p850,paragraph,	0	0.6704873556261961	1	0.2556565225068642	2	0.0738561218669397	
139	Chapter_18_p639,paragraph,	0	0.7079993353246621	1	0.2320577988392722	2	0.059942865836065805	
140	Chapter_10_p341,paragraph,everything	0	0.6438379953301063	1	0.23384907500946897	2	0.12231292966042487	
141	Chapter_21_p834,paragraph,she	1	0.710624187927605	0	0.27749316091703174	2	0.011882651155363457	
142	Chapter_22_p874,paragraph,they	0	0.7471304994590973	1	0.1623217546274683	2	0.09054774591343451	
143	Chapter_8_p232,paragraph,charles	0	0.7360889824521716	1	0.20973448772684958	2	0.05417652982097882	
144	Chapter_21_p840,paragraph,	0	0.6380778507928533	1	0.33559946930309076	2	0.026322679904056068	
145	Chapter_3_p59,paragraph,	0	0.6564176120627134	1	0.2918920891893753	2	0.05169029874791132	
146	Chapter_18_p604,paragraph,	0	0.6015632820347727	1	0.28527582548421687	2	0.11316089248101048	
147	Chapter_10_p333,paragraph,after	0	0.7079993353246621	1	0.2320577988392722	2	0.059942865836065805	
148	Chapter_12_p437,paragraph,charles	0	0.7738386756999638	1	0.20398471343577423	2	0.022176610864262047	
149	Chapter_8_p250,paragraph,	0	0.6586303844228953	1	0.26485590249138813	2	0.07651371308571661	
150	Chapter_8_p247,paragraph,this	0	0.673217942878722	1	0.2596991515757251	2	0.06708290554555288	
151	Chapter_23_p994,paragraph,	0	0.5834901406920401	1	0.21024629494451205	2	0.20626356436344792	
152	Chapter_9_p282,paragraph,it	0	0.7628743558319355	1	0.14977416863384765	2	0.08735147553421693	
153	Chapter_3_p43,paragraph,mr	0	0.548345255389828	1	0.39171187877410624	2	0.059942865836065805	
154	Chapter_6_p144,paragraph,mary	0	0.7674337074123608	2	0.12085318486004129	1	0.11171310772759802	
155	Chapter_22_p903,paragraph,they	0	0.6960390312252615	1	0.19477082183685118	2	0.10919014693788741	
156	Chapter_17_p581,paragraph,	1	0.41730375483810117	0	0.4161403980674815	2	0.1665558470944174	
157	Chapter_9_p276,paragraph,the	0	0.5856593117571347	1	0.36090187154773073	2	0.053438816695134665	
158	Chapter_12_p445,paragraph,captain	0	0.8094214688249464	1	0.15145593760780157	2	0.039122593567252145	
159	Chapter_21_p823,paragraph,	0	0.6136608996017626	1	0.31925619485268447	2	0.06708290554555288	
160	Chapter_13_p466,paragraph,when	0	0.7646246177161111	1	0.209691750532268	2	0.02568363175162096	
161	Chapter_21_p741,paragraph,anne	0	0.5619811244470756	1	0.40143748361023884	2	0.03658139194268567	
162	Chapter_16_p551,paragraph,in	0	0.5885395102171948	2	0.24354713062934907	1	0.1679133591534562	
163	Chapter_23_p983,paragraph,	0	0.4744906177379576	1	0.33559946930309076	2	0.1899099129589517	
164	Chapter_21_p768,paragraph,	0	0.7205412343338493	1	0.23741555392957442	2	0.04204321173657641	
165	Chapter_10_p338,paragraph,the	0	0.783358309792113	1	0.1909201133869658	2	0.02572157682092129	
166	Chapter_22_p901,paragraph,	0	0.7486835202858988	1	0.21350713798769574	2	0.03780934172640548	
167	Chapter_17_p597,paragraph,though	1	0.6137850911407964	0	0.3465355190811298	2	0.03967938977807398	
168	Chapter_22_p877,paragraph,	0	0.6304633322606229	1	0.3362030456951468	2	0.03333362204423033	
169	Chapter_13_p477,paragraph,	0	0.6918907951951623	1	0.2715278128621521	2	0.03658139194268567	
170	Chapter_12_p406,paragraph,	0	0.5541038563248033	1	0.37881323812964385	2	0.06708290554555288	
171	Chapter_12_p408,paragraph,anne	0	0.6832147446635812	1	0.27474204359984244	2	0.04204321173657641	
172	Chapter_21_p795,paragraph,	0	0.574977847237936	1	0.3702057141227807	2	0.05481643863928335	
173	Chapter_19_p654,paragraph,while	0	0.8021728764959531	1	0.16347694194931717	2	0.03435018155472971	
174	Chapter_21_p810,paragraph,this	0	0.5158366683863078	1	0.4017161669673325	2	0.0824471646463597	
175	Chapter_18_p607,paragraph,	0	0.5541038563248033	1	0.31925619485268447	2	0.12663994882251225	
176	Chapter_10_p316,paragraph,anne	0	0.5649340695497173	2	0.3153866200034617	1	0.11967931044682108	
177	Chapter_9_p273,paragraph,hitherto	0	0.6896513460927889	1	0.2770150318629809	2	0.03333362204423033	
178	Chapter_22_p908,paragraph,anne	0	0.7097055619922155	1	0.24662105208260646	2	0.0436733859251782	
179	Chapter_12_p451,paragraph,they	0	0.7449072799920702	1	0.1296078553653889	2	0.125484864642541	
180	Chapter_6_p163,paragraph,	0	0.6964728735514032	1	0.2593635960558355	2	0.04416353039276144	
181	Chapter_21_p781,paragraph,mrs	0	0.673217942878722	1	0.2596991515757251	2	0.06708290554555288	
182	Chapter_11_p357,paragraph,the	0	0.6832147446635812	1	0.23741555392957442	2	0.07936970140684446	
183	Chapter_5_p121,paragraph,	0	0.6012347320255873	2	0.21547831805701426	1	0.18328694991739844	
184	Chapter_6_p160,paragraph,	0	0.7227538294179087	1	0.2203321562758461	2	0.05691401430624528	
185	Chapter_24_p996,paragraph,sir	1	0.5458295189867298	0	0.43323069965550143	2	0.020939781357768816	
186	Chapter_18_p608,paragraph,	0	0.8905638234303749	1	0.10238717772306856	2	0.007048998846556634	
187	Chapter_12_p388,paragraph,	0	0.7273348221733529	1	0.22532031329998692	2	0.047344864526660285	
188	Chapter_12_p438,paragraph,the	0	0.7097055619922155	1	0.24662105208260646	2	0.0436733859251782	
189	Chapter_10_p329,paragraph,	0	0.6136608996017626	1	0.2596991515757251	2	0.12663994882251225	
190	Chapter_13_p462,paragraph,if	0	0.5901926747796983	1	0.3800019456165867	2	0.029805379603715043	
191	Chapter_21_p822,paragraph,	0	0.5835983128381922	1	0.3840261859250887	2	0.03237550123671921	
192	Chapter_13_p475,paragraph,the	0	0.6522631876480464	1	0.2809570393519435	2	0.06677977300001017	
193	Chapter_10_p305,paragraph,other	0	0.6122850861041212	1	0.2071891823788224	2	0.18052573151705653	
194	Chapter_19_p670,paragraph,as	0	0.7023089063424138	1	0.2460007949096749	2	0.05169029874791132	
195	Chapter_16_p549,paragraph,there	0	0.6420542876520721	1	0.3432777248334643	2	0.014667987514463772	
196	Chapter_17_p584,paragraph,anne	0	0.672594326125231	1	0.28560412562574333	2	0.04180154824902581	
197	Chapter_12_p443,paragraph,captain	0	0.7935273484287004	1	0.1055413497920911	2	0.10093130177920856	
198	Chapter_19_p688,paragraph,anne	0	0.7644942492054557	1	0.20007505631539918	2	0.03543069447914522	
199	Chapter_4_p80,paragraph,a	1	0.4992562289040507	0	0.45529954122564725	2	0.0454442298703021	
200	Chapter_11_p356,paragraph,these	0	0.64108506337732	1	0.1828225590381412	2	0.17609237758453883	
201	Chapter_17_p592,paragraph,lady	0	0.6126062800396567	1	0.32467408608533876	2	0.06271963387500468	
202	Chapter_7_p187,paragraph,the	0	0.6479806996570081	1	0.31420995861658646	2	0.03780934172640548	
203	Chapter_7_p205,paragraph,	0	0.6946137416801972	1	0.26485590249138813	2	0.04053035582841479	
204	Chapter_8_p258,paragraph,	0	0.6136608996017626	1	0.31925619485268447	2	0.06708290554555288	
205	Chapter_22_p896,paragraph,it	0	0.6085617653230451	1	0.27474204359984244	2	0.11669619107711252	
206	Chapter_12_p426,paragraph,	0	0.7383335434274991	1	0.17589355231623577	2	0.08577290425626521	
207	Chapter_23_p955,paragraph,	0	0.6321580045498524	1	0.32416860952496945	2	0.0436733859251782	
208	Chapter_17_p586,paragraph,	0	0.6586303844228953	1	0.30083925974868997	2	0.04053035582841479	
209	Chapter_19_p671,paragraph,	0	0.6015632820347727	1	0.33849385212916155	2	0.059942865836065805	
210	Chapter_21_p747,paragraph,	0	0.6015632820347727	1	0.33849385212916155	2	0.059942865836065805	
211	Chapter_18_p637,paragraph,	0	0.8330168532103662	1	0.1506093468983186	2	0.016373799891315304	
212	Chapter_7_p188,paragraph,	0	0.7784333668410378	1	0.18823301111473195	2	0.03333362204423033	
213	Chapter_4_p90,paragraph,with	0	0.5315532424274458	1	0.3945906357056144	2	0.0738561218669397	
214	Chapter_11_p372,paragraph,they	0	0.7243682128821839	1	0.2065729774881088	2	0.06905880962970734	
215	Chapter_20_p715,paragraph,	1	0.48317738298710944	0	0.44993610845911086	2	0.0668865085537797	
216	Chapter_19_p682,paragraph,at	0	0.6398917797549066	1	0.30593169042411456	2	0.05417652982097882	
217	Chapter_5_p114,paragraph,	0	0.5582007070988189	1	0.3769525901718097	2	0.0648467027293715	
218	Chapter_8_p270,paragraph,anne	0	0.6398917797549066	1	0.30593169042411456	2	0.05417652982097882	
219	Chapter_22_p893,paragraph,	0	0.8021728764959531	1	0.16347694194931717	2	0.03435018155472971	
220	Chapter_22_p849,paragraph,	0	0.6432680954081759	1	0.22532031329998692	2	0.13141159129183727	
221	Chapter_17_p582,paragraph,anne	0	0.541681311512374	1	0.42498506644339573	2	0.03333362204423033	
222	Chapter_17_p575,paragraph,their	0	0.613169424809631	1	0.36326185379982756	2	0.023568721390541485	
223	Chapter_21_p758,paragraph,	0	0.7486835202858988	1	0.21350713798769574	2	0.03780934172640548	
224	Chapter_14_p510,paragraph,	1	0.4240480022809147	0	0.42192931697170477	2	0.15402268074738057	
225	Chapter_14_p499,paragraph,	0	0.655018636570022	1	0.30048803615924097	2	0.044493327270737015	
226	Chapter_21_p813,paragraph,such	0	0.6709317832710339	1	0.24662105208260646	2	0.0824471646463597	
227	Chapter_7_p197,paragraph,mary	0	0.6915861593344532	1	0.24510162357331614	2	0.06331221709223066	
228	Chapter_9_p292,paragraph,the	0	0.7560585644555757	1	0.21156593430770515	2	0.03237550123671921	
229	Chapter_22_p863,paragraph,anne	0	0.6604670590774786	1	0.24902946238039872	2	0.09050347854212279	
230	Chapter_14_p503,paragraph,	0	0.6144130927807112	1	0.31420995861658646	2	0.07137694860270238	
231	Chapter_12_p402,paragraph,anne	0	0.7273049888220144	1	0.24809687727273272	2	0.024598133905252867	
232	Chapter_21_p835,paragraph,the	1	0.5077804586031414	0	0.42320598098885026	2	0.06901356040800838	
233	Chapter_20_p726,paragraph,such	0	0.7243682128821839	1	0.23905039517513046	2	0.03658139194268567	
234	Chapter_23_p932,paragraph,	0	0.5472778790281174	1	0.4149127792454772	2	0.03780934172640548	
235	Chapter_21_p839,paragraph,after	0	0.5472778790281174	1	0.3813451723691803	2	0.07137694860270238	
236	Chapter_12_p435,paragraph,charles	0	0.7490615418263956	1	0.15219947305016565	2	0.09873898512343875	
237	Chapter_12_p420,paragraph,every	0	0.6304633322606229	1	0.2770150318629809	2	0.09252163587639627	
238	Chapter_21_p787,paragraph,	0	0.673217942878722	1	0.2596991515757251	2	0.06708290554555288	
239	Chapter_22_p847,paragraph,	0	0.6203324915984966	1	0.35205420450309166	2	0.027613303898411826	
240	Chapter_20_p696,paragraph,	0	0.6012347320255873	1	0.35142040344775244	2	0.047344864526660285	
241	Chapter_21_p764,paragraph,	1	0.5129977747216332	0	0.45553130452688617	2	0.03147092075148069	
242	Chapter_23_p946,paragraph,	0	0.7665804561948008	1	0.19288918797678453	2	0.04053035582841479	
243	Chapter_17_p587,paragraph,	0	0.5206379320496413	1	0.4224480536441135	2	0.05691401430624528	
244	Chapter_20_p724,paragraph,anne	0	0.6479806996570081	1	0.31420995861658646	2	0.03780934172640548	
245	Chapter_5_p103,paragraph,she	0	0.6085617653230451	1	0.3120685332701105	2	0.07936970140684446	
246	Chapter_14_p506,paragraph,	0	0.6085617653230451	1	0.3493950229403786	2	0.04204321173657641	
247	Chapter_14_p512,paragraph,with	0	0.8274919030648364	1	0.12107970783334632	2	0.051428389101817254	
248	Chapter_10_p323,paragraph,	0	0.5711669063917081	1	0.3719190793020466	2	0.05691401430624528	
249	Chapter_12_p385,paragraph,after	0	0.673405215744408	1	0.3094743521591509	2	0.01712043209644121	
250	Chapter_23_p984,paragraph,	1	0.4649513679518119	0	0.3951473658252476	2	0.1399012662229405	
251	Chapter_6_p170,paragraph,the	0	0.7079993353246621	1	0.2320577988392722	2	0.059942865836065805	
252	Chapter_12_p399,paragraph,	0	0.6576578858916555	1	0.2969070386200012	2	0.045435075488343406	
253	Chapter_7_p181,paragraph,	0	0.5467861810180406	1	0.3030233307827876	2	0.15019048819917197	
254	Chapter_10_p318,paragraph,winthrop	0	0.571235275652777	1	0.3493950229403786	2	0.07936970140684446	
255	Chapter_21_p805,paragraph,	1	0.6452979091359036	0	0.3182603010842381	2	0.03644178977985847	
256	Chapter_21_p784,paragraph,	0	0.6015632820347727	1	0.33849385212916155	2	0.059942865836065805	
257	Chapter_20_p692,paragraph,after	0	0.7486835202858988	1	0.21350713798769574	2	0.03780934172640548	
258	Chapter_21_p811,paragraph,	1	0.5080497222962548	0	0.420548317447062	2	0.07140196025668326	
259	Chapter_8_p265,paragraph,	0	0.7015826210561867	1	0.2629866844646681	2	0.03543069447914522	
260	Chapter_8_p249,paragraph,	0	0.6564176120627134	1	0.2918920891893753	2	0.05169029874791132	
261	Chapter_3_p74,paragraph,as	1	0.6050384363552259	0	0.375127939222197	2	0.01983362442257724	
262	Chapter_16_p561,paragraph,sir	0	0.6582054818182201	1	0.26387515038058745	2	0.0779193678011925	
263	Chapter_21_p778,paragraph,	0	0.4955959757090092	1	0.4021288931213795	2	0.1022751311696113	
264	Chapter_12_p432,paragraph,the	0	0.6123416881077561	1	0.269052684846833	2	0.11860562704541097	
265	Chapter_3_p44,paragraph,	1	0.6156780899590268	0	0.33024099312179733	2	0.054080916919175936	
266	Chapter_18_p652,paragraph,anne	0	0.7644942492054557	1	0.16861924224076472	2	0.0668865085537797	
267	Chapter_23_p991,paragraph,he	0	0.5917931784062742	1	0.35403029177274703	2	0.05417652982097882	
268	Chapter_2_p30,paragraph,	1	0.5237123103586895	0	0.3933242319075173	2	0.08296345773379324	
269	Chapter_5_p98,paragraph,	0	0.6432680954081759	1	0.2673536766825754	2	0.08937822790924878	
270	Chapter_9_p278,paragraph,which	0	0.6801867917973861	1	0.2854630266478843	2	0.03435018155472971	
271	Chapter_14_p518,paragraph,louisa	0	0.7488393599249548	1	0.21782701803081492	2	0.03333362204423033	
272	Chapter_16_p564,paragraph,	0	0.5472778790281174	1	0.4149127792454772	2	0.03780934172640548	
273	Chapter_18_p641,paragraph,	0	0.6062346058241221	1	0.3359690421410902	2	0.05779635203478768	
274	Chapter_22_p867,paragraph,he	0	0.6007572718088044	2	0.2610518352062304	1	0.13819089298496526	
275	Chapter_21_p750,paragraph,	1	0.47926372440969545	0	0.4770628896651264	2	0.0436733859251782	
276	Chapter_2_p26,paragraph,they	0	0.5235561607355467	1	0.3572551889830968	2	0.11918865028135656	
277	Chapter_3_p77,paragraph,nothing	0	0.5808454859044143	1	0.3477775654928834	2	0.07137694860270238	
278	Chapter_21_p785,paragraph,	0	0.5541038563248033	1	0.31925619485268447	2	0.12663994882251225	
279	Chapter_9_p295,paragraph,she	0	0.8260552097916102	1	0.13036338663121108	2	0.04358140357717881	
280	Chapter_12_p395,paragraph,	0	0.5165801644961725	1	0.4446109348839001	2	0.038808900619927415	
281	Chapter_23_p948,paragraph,	0	0.7273151891860118	1	0.24030930957726906	2	0.03237550123671921	
282	Chapter_8_p227,paragraph,	0	0.6564176120627134	1	0.2460007949096749	2	0.09758159302761171	
283	Chapter_9_p298,paragraph,another	0	0.6985718139164478	1	0.269052684846833	2	0.03237550123671921	
284	Chapter_18_p621,paragraph,this	0	0.6698284386468839	1	0.2977960601163969	2	0.03237550123671921	
285	Chapter_17_p571,paragraph,while	0	0.5339087859825089	1	0.3493950229403786	2	0.11669619107711252	
286	Chapter_24_p998,paragraph,there	0	0.5271948363577957	1	0.45105675017310465	2	0.021748413469099698	
287	Chapter_12_p405,paragraph,	0	0.548345255389828	1	0.39171187877410624	2	0.059942865836065805	
288	Chapter_10_p324,paragraph,she	0	0.6709317832710339	1	0.16907349464024346	2	0.15999472208872267	
289	Chapter_23_p941,paragraph,	0	0.6136608996017626	1	0.31925619485268447	2	0.06708290554555288	
290	Chapter_10_p334,paragraph,	0	0.6136608996017626	1	0.31925619485268447	2	0.06708290554555288	
291	Chapter_12_p416,paragraph,	0	0.6915861593344532	1	0.24510162357331614	2	0.06331221709223066	
292	Chapter_23_p969,paragraph,	0	0.7344613302424905	1	0.20398471343577423	2	0.061553956321735305	
293	Chapter_21_p762,paragraph,	0	0.6576578858916555	1	0.2969070386200012	2	0.045435075488343406	
294	Chapter_5_p123,paragraph,	0	0.6136608996017626	1	0.2596991515757251	2	0.12663994882251225	
295	Chapter_2_p33,paragraph,sir	1	0.4840285302192331	0	0.48315246359641395	2	0.032819006184353114	
296	Chapter_11_p361,paragraph,after	2	0.5564580283863635	0	0.30388613909561724	1	0.13965583251801938	
297	Chapter_11_p363,paragraph,they	0	0.8080273737571207	1	0.158639004198649	2	0.03333362204423033	
298	Chapter_18_p643,paragraph,	0	0.6832147446635812	1	0.23741555392957442	2	0.07936970140684446	
299	Chapter_8_p231,paragraph,	0	0.6832147446635812	1	0.20008906425930637	2	0.11669619107711252	
300	Chapter_22_p899,paragraph,	0	0.6015632820347727	1	0.33849385212916155	2	0.059942865836065805	
301	Chapter_1_p17,paragraph,he	0	0.46442353849890944	1	0.4313699847317546	2	0.10420647676933596	
302	Chapter_5_p110,paragraph,uppercross	0	0.5378749042362347	2	0.32720613776197555	1	0.13491895800178982	
303	Chapter_12_p442,paragraph,one	0	0.805042699864064	1	0.17401751877816726	2	0.020939781357768816	
304	Chapter_21_p771,paragraph,	0	0.5339087859825089	1	0.38672151261064663	2	0.07936970140684446	
305	Chapter_10_p328,paragraph,	0	0.673217942878722	1	0.2596991515757251	2	0.06708290554555288	
306	Chapter_10_p335,paragraph,	0	0.5541038563248033	1	0.31925619485268447	2	0.12663994882251225	
307	Chapter_1_p18,paragraph,sir	0	0.6620892851019586	1	0.314825051907069	2	0.023085662990972373	
308	Chapter_10_p348,paragraph,	0	0.7435428730512929	1	0.20898371219760883	2	0.047473414751098404	
309	Chapter_11_p377,paragraph,captain	0	0.6896513460927889	1	0.21782701803081492	2	0.09252163587639627	
310	Chapter_23_p964,paragraph,	0	0.7784333668410378	1	0.158639004198649	2	0.0629276289603133	
311	Chapter_12_p418,paragraph,he	0	0.6576578858916555	1	0.25656920985207937	2	0.08577290425626521	
312	Chapter_5_p115,paragraph,anne	0	0.7486835202858988	1	0.17993953111139885	2	0.07137694860270238	
313	Chapter_13_p471,paragraph,	0	0.6276155233845642	1	0.32296222878660186	2	0.04942224782883401	
314	Chapter_8_p266,paragraph,the	0	0.5582007070988189	2	0.3088188721265058	1	0.1329804207746754	
315	Chapter_1_p3,paragraph,	1	0.4421154300714081	0	0.41798330370565145	2	0.1399012662229405	
316	Chapter_23_p967,paragraph,	0	0.6722248550758418	1	0.2203321562758461	2	0.10744298864831212	
317	Chapter_22_p911,paragraph,she	0	0.6259493361979155	2	0.1931237962373776	1	0.180926867564707	
318	Chapter_7_p179,paragraph,husbands	0	0.7568456305692056	1	0.2065729774881088	2	0.03658139194268567	
319	Chapter_7_p201,paragraph,on	0	0.6479806996570081	1	0.24707474486399267	2	0.1049445554789993	
320	Chapter_8_p261,paragraph,	0	0.7023089063424138	1	0.2001095006299745	2	0.09758159302761171	
321	Chapter_16_p553,paragraph,lady	0	0.6380778507928533	1	0.24212105041457893	2	0.11980109879256787	
322	Chapter_21_p748,paragraph,	0	0.5917931784062742	1	0.30593169042411456	2	0.1022751311696113	
323	Chapter_21_p802,paragraph,	0	0.4744906177379576	1	0.3823386787473466	2	0.14317070351469582	
324	Chapter_18_p634,paragraph,when	0	0.8061942476725168	1	0.16808417550656193	2	0.02572157682092129	
325	Chapter_6_p165,paragraph,he	0	0.6479806996570081	1	0.17993953111139885	2	0.1720797692315931	
326	Chapter_22_p857,paragraph,on	0	0.676564571738202	1	0.27596201351069966	2	0.047473414751098404	
327	Chapter_14_p494,paragraph,but	0	0.5856593117571347	1	0.3860334192794988	2	0.02830726896336658	
328	Chapter_4_p85,paragraph,more	1	0.5111176229836912	0	0.48033576051147847	2	0.00854661650483042	
329	Chapter_7_p178,paragraph,	0	0.7097055619922155	1	0.24662105208260646	2	0.0436733859251782	
330	Chapter_23_p958,paragraph,	0	0.7716763553213114	1	0.19397346312395897	2	0.03435018155472971	
331	Chapter_8_p229,paragraph,	0	0.7273151891860118	1	0.1540791837685773	2	0.11860562704541097	
332	Chapter_5_p133,paragraph,	0	0.7023089063424138	1	0.2001095006299745	2	0.09758159302761171	
333	Chapter_10_p322,paragraph,after	0	0.7376864340313053	1	0.16808417550656193	2	0.09422939046213281	
334	Chapter_22_p852,paragraph,anne	0	0.49795576823662646	1	0.3429403148237905	2	0.1591039169395831	
335	Chapter_10_p330,paragraph,	2	0.38440738347012676	0	0.3423951227245942	1	0.27319749380527913	
336	Chapter_16_p562,paragraph,anne	0	0.5913386413485974	1	0.3823386787473466	2	0.026322679904056068	
337	Chapter_8_p241,paragraph,personal	1	0.524882261547991	0	0.36874245067098893	2	0.1063752877810201	
338	Chapter_22_p907,paragraph,	0	0.6709317832710339	1	0.24662105208260646	2	0.0824471646463597	
339	Chapter_20_p735,paragraph,in	0	0.7025567428851707	1	0.26127483874156804	2	0.03616841837326134	
340	Chapter_18_p615,paragraph,	0	0.6547813086797174	1	0.2320577988392722	2	0.11316089248101048	
341	Chapter_12_p407,paragraph,	0	0.7637666232591315	1	0.14845133002763752	2	0.08778204671323112	
342	Chapter_20_p740,paragraph,jealousy	1	0.5190034770955603	0	0.43913123931144105	2	0.041865283592998674	
343	Chapter_14_p493,paragraph,charles	0	0.5835983128381922	1	0.3840261859250887	2	0.03237550123671921	
344	Chapter_21_p765,paragraph,	0	0.5679690366264694	1	0.4057082834694746	2	0.026322679904056068	
345	Chapter_22_p866,paragraph,	0	0.7658689734889897	1	0.1866576117599119	2	0.047473414751098404	
346	Chapter_22_p889,paragraph,	0	0.6398917797549066	1	0.30593169042411456	2	0.05417652982097882	
347	Chapter_18_p632,paragraph,	0	0.5541038563248033	1	0.37881323812964385	2	0.06708290554555288	
348	Chapter_14_p519,paragraph,	0	0.6321580045498524	1	0.28539483080378797	2	0.0824471646463597	
349	Chapter_19_p680,paragraph,she	0	0.6523161209505411	1	0.31864686498104394	2	0.02903701406841497	
350	Chapter_21_p825,paragraph,	0	0.7554338192340146	1	0.2155291666975704	2	0.02903701406841497	
351	Chapter_13_p457,paragraph,they	0	0.8305536343515192	1	0.13807972869748103	2	0.03136663695099997	
352	Chapter_15_p542,paragraph,it	0	0.671154272208005	1	0.2971993653668016	2	0.031646362425193454	
353	Chapter_9_p291,paragraph,one	0	0.7399544122255712	1	0.1861894659074891	2	0.0738561218669397	
354	Chapter_23_p942,paragraph,	1	0.47463138880385175	0	0.42420899671728035	2	0.1011596144788679	
355	Chapter_15_p533,paragraph,colonel	1	0.5472235858342243	0	0.4029861163816876	2	0.04979029778408826	
356	Chapter_6_p139,paragraph,the	0	0.4279535593321789	1	0.41134449595195893	2	0.16070194471586224	
357	Chapter_12_p387,paragraph,the	0	0.7296543946631463	1	0.16397031755583363	2	0.1063752877810201	
358	Chapter_23_p954,paragraph,	0	0.6028044173285523	1	0.2978398936794056	2	0.09935568899204221	
359	Chapter_5_p120,paragraph,	0	0.673217942878722	1	0.2596991515757251	2	0.06708290554555288	
360	Chapter_23_p985,paragraph,	0	0.6547813086797174	1	0.2320577988392722	2	0.11316089248101048	
361	Chapter_12_p386,paragraph,they	0	0.769319629375916	1	0.20006485584792869	2	0.03061551477615538	
362	Chapter_20_p698,paragraph,he	0	0.681548306533305	1	0.24707474486399267	2	0.07137694860270238	
363	Chapter_5_p122,paragraph,	0	0.6605962803413868	1	0.20006485584792869	2	0.13933886381068455	
364	Chapter_21_p821,paragraph,	1	0.5621975148452376	0	0.40818352134646646	2	0.02961896380829611	
365	Chapter_8_p242,paragraph,the	0	0.681548306533305	1	0.21350713798769574	2	0.1049445554789993	
366	Chapter_13_p467,paragraph,there	0	0.6573564003978085	1	0.30708009910974865	2	0.035563500492442925	
367	Chapter_21_p803,paragraph,mrs	1	0.5419998337497366	0	0.3698123315342755	2	0.08818783471598794	
368	Chapter_10_p336,paragraph,	0	0.6136608996017626	1	0.31925619485268447	2	0.06708290554555288	
369	Chapter_10_p306,paragraph,after	0	0.7655489807845278	1	0.18385493094924513	2	0.050596088266227114	
370	Chapter_23_p916,paragraph,materials	0	0.7023089063424138	1	0.2460007949096749	2	0.05169029874791132	
371	Chapter_20_p734,paragraph,he	0	0.6078366516964167	1	0.31685185280355826	2	0.07531149550002507	
372	Chapter_21_p752,paragraph,	0	0.6432680954081759	1	0.30938704006516393	2	0.047344864526660285	
373	Chapter_22_p910,paragraph,promising	0	0.6310538463269898	1	0.28360960861958334	2	0.08533654505342694	
374	Chapter_4_p88,paragraph,with	0	0.5617438960407919	1	0.4177690520048386	2	0.02048705195436965	
375	Chapter_6_p141,paragraph,charles	1	0.4941736804525498	0	0.48266094807469	2	0.023165371472760314	
376	Chapter_5_p116,paragraph,	0	0.5541038563248033	1	0.31925619485268447	2	0.12663994882251225	
377	Chapter_20_p721,paragraph,	0	0.6479806996570081	1	0.24707474486399267	2	0.1049445554789993	
378	Chapter_12_p455,paragraph,(end	0	0.5541038563248033	1	0.31925619485268447	2	0.12663994882251225	
379	Chapter_23_p939,paragraph,	1	0.4823985285288106	0	0.3113379071077415	2	0.20626356436344792	
380	Chapter_8_p263,paragraph,mrs	0	0.5711669063917081	1	0.3719190793020466	2	0.05691401430624528	
381	Chapter_23_p959,paragraph,but	0	0.8086009235369538	1	0.15259017584311882	2	0.038808900619927415	
382	Chapter_12_p448,paragraph,in	0	0.7494038853753472	1	0.20307621467583614	2	0.047519899948816856	
383	Chapter_12_p400,paragraph,anne	0	0.4980431460713331	1	0.45651262405836485	2	0.0454442298703021	
384	Chapter_11_p362,paragraph,the	0	0.7255786421237557	1	0.215199404857206	2	0.05922195301903838	
385	Chapter_17_p593,paragraph,	1	0.5968186068957376	0	0.37171047235278176	2	0.03147092075148069	
386	Chapter_22_p879,paragraph,as	0	0.6979957146595773	1	0.21623138108415757	2	0.08577290425626521	
387	Chapter_8_p233,paragraph,the	0	0.5790537685654898	1	0.3359690421410902	2	0.08497718929341998	
388	Chapter_7_p184,paragraph,	0	0.7243682128821839	1	0.2065729774881088	2	0.06905880962970734	
389	Chapter_20_p708,paragraph,upon	0	0.6072151788322833	1	0.2629866844646681	2	0.12979813670304863	
390	Chapter_23_p919,paragraph,	0	0.6594133775081406	1	0.2715278128621521	2	0.06905880962970734	
391	Chapter_22_p890,paragraph,	0	0.5222707441578884	1	0.45011595194369974	2	0.027613303898411826	
392	Chapter_19_p687,paragraph,	0	0.6136608996017626	1	0.31925619485268447	2	0.06708290554555288	
393	Chapter_18_p605,paragraph,	0	0.5546104471074894	1	0.28539483080378797	2	0.15999472208872267	
394	Chapter_19_p665,paragraph,	0	0.5541038563248033	1	0.37881323812964385	2	0.06708290554555288	
395	Chapter_14_p501,paragraph,	0	0.7360889824521716	1	0.20973448772684958	2	0.05417652982097882	
396	Chapter_10_p351,paragraph,	0	0.7812132438048831	1	0.16397031755583363	2	0.05481643863928335	
397	Chapter_21_p837,paragraph,there	1	0.5621975148452376	0	0.40818352134646646	2	0.02961896380829611	
398	Chapter_12_p396,paragraph,	0	0.6276155233845642	1	0.32296222878660186	2	0.04942224782883401	
399	Chapter_21_p755,paragraph,anne	0	0.6136608996017626	1	0.31925619485268447	2	0.06708290554555288	
400	Chapter_12_p431,paragraph,that	0	0.6191937494481025	1	0.3464560689971679	2	0.03435018155472971	
401	Chapter_5_p101,paragraph,so	0	0.5658118638001989	1	0.3352056678458952	2	0.09898246835390596	
402	Chapter_14_p508,paragraph,	0	0.673217942878722	1	0.2596991515757251	2	0.06708290554555288	
403	Chapter_13_p463,paragraph,an	0	0.5789997082408135	1	0.23212148683464764	2	0.18887880492453898	
404	Chapter_21_p775,paragraph,	0	0.673217942878722	1	0.2596991515757251	2	0.06708290554555288	
405	Chapter_8_p246,paragraph,	0	0.5097734259217211	1	0.39148758895484015	2	0.09873898512343875	
406	Chapter_21_p798,paragraph,	0	0.5522583888452657	1	0.4326813823012566	2	0.015060228853477955	
407	Chapter_21_p786,paragraph,	0	0.6136608996017626	1	0.31925619485268447	2	0.06708290554555288	
408	Chapter_12_p449,paragraph,	0	0.7951942136743854	1	0.1627625745890383	2	0.04204321173657641	
409	Chapter_21_p774,paragraph,she	0	0.6095862704251112	1	0.3429403148237905	2	0.047473414751098404	
410	Chapter_22_p861,paragraph,surprise	0	0.6498604735167629	1	0.33466550179318805	2	0.015474024690049154	
411	Chapter_8_p220,paragraph,	0	0.5791674016000635	1	0.30131100244051096	2	0.11952159595942549	
412	Chapter_3_p64,paragraph,mr	1	0.48111352976399774	0	0.4800775696160749	2	0.038808900619927415	
413	Chapter_21_p756,paragraph,	0	0.5808454859044143	1	0.3477775654928834	2	0.07137694860270238	
414	Chapter_18_p653,paragraph,	0	0.6698284386468839	1	0.2977960601163969	2	0.03237550123671921	
415	Chapter_11_p355,paragraph,she	0	0.6062346058241221	1	0.3359690421410902	2	0.05779635203478768	
416	Chapter_22_p902,paragraph,whether	0	0.7421387921172837	1	0.20006485584792869	2	0.05779635203478768	
417	Chapter_23_p937,paragraph,	0	0.6015632820347727	1	0.2320577988392722	2	0.16637891912595515	
418	Chapter_21_p816,paragraph,	0	0.5917931784062742	1	0.30593169042411456	2	0.1022751311696113	
419	Chapter_18_p602,paragraph,the	0	0.7023089063424138	1	0.2460007949096749	2	0.05169029874791132	
420	Chapter_18_p640,paragraph,	0	0.6709317832710339	1	0.28539483080378797	2	0.0436733859251782	
421	Chapter_21_p827,paragraph,	0	0.5890683847616613	1	0.36445864674728795	2	0.04647296849105078	
422	Chapter_5_p113,paragraph,	0	0.6564176120627134	1	0.2001095006299745	2	0.1434728873073121	
423	Chapter_21_p806,paragraph,	0	0.6144130927807112	1	0.3477775654928834	2	0.03780934172640548	
424	Chapter_9_p287,paragraph,a	0	0.6780955455214095	1	0.29286744041017554	2	0.02903701406841497	
425	Chapter_5_p125,paragraph,	0	0.7023089063424138	1	0.2460007949096749	2	0.05169029874791132	
426	Chapter_8_p257,paragraph,	0	0.7052208839258837	1	0.22092299420717668	2	0.0738561218669397	
427	Chapter_4_p84,paragraph,a	0	0.7149579548586514	1	0.20006485584792869	2	0.08497718929341998	
428	Chapter_6_p147,paragraph,how	0	0.541681311512374	1	0.39539105952731274	2	0.0629276289603133	
429	Chapter_12_p413,paragraph,	0	0.7482002006221142	1	0.2001095006299745	2	0.05169029874791132	
430	Chapter_22_p904,paragraph,their	0	0.5864304196621245	1	0.3761274158786377	2	0.03744216445923786	
431	Chapter_23_p933,paragraph,	0	0.6357538273265086	1	0.32512357910623935	2	0.039122593567252145	
432	Chapter_21_p793,paragraph,anne	0	0.6564176120627134	1	0.2001095006299745	2	0.1434728873073121	
433	Chapter_19_p684,paragraph,anne	0	0.6085617653230451	1	0.3120685332701105	2	0.07936970140684446	
434	Chapter_20_p701,paragraph,	0	0.673217942878722	1	0.2596991515757251	2	0.06708290554555288	
435	Chapter_14_p502,paragraph,	0	0.6722248550758418	1	0.27086113061791295	2	0.05691401430624528	
436	Chapter_10_p317,paragraph,winthrop	2	0.5228859816393283	0	0.377458899624217	1	0.09965511873645476	
437	Chapter_9_p279,paragraph,mr	0	0.6515281990881147	1	0.27828435334058665	2	0.07018744757129865	
438	Chapter_9_p294,paragraph,he	0	0.7360889824521716	1	0.20973448772684958	2	0.05417652982097882	
439	Chapter_7_p206,paragraph,frederick	0	0.7212167726135958	1	0.2536359130730027	2	0.02514731431340146	
440	Chapter_21_p744,paragraph,she	0	0.6276155233845642	1	0.32296222878660186	2	0.04942224782883401	
441	Chapter_20_p732,paragraph,mr	0	0.7360889824521716	1	0.20973448772684958	2	0.05417652982097882	
442	Chapter_13_p460,paragraph,anne	0	0.774869395177372	1	0.20875680493131282	2	0.016373799891315304	
443	Chapter_2_p31,paragraph,sir	0	0.6226470271655935	1	0.30083925974868997	2	0.07651371308571661	
444	Chapter_5_p102,paragraph,anne	0	0.5049936967627195	1	0.4445559745281548	2	0.05045032870912584	
445	Chapter_22_p859,paragraph,	0	0.5958170547383446	1	0.37656964136324367	2	0.027613303898411826	
446	Chapter_5_p131,paragraph,	0	0.6722248550758418	1	0.27086113061791295	2	0.05691401430624528	
447	Chapter_14_p509,paragraph,lady	0	0.6173200571237336	1	0.337244867387923	2	0.045435075488343406	
448	Chapter_12_p398,paragraph,at	0	0.5966406211413341	2	0.21906333815162832	1	0.18429604070703762	
449	Chapter_10_p327,paragraph,	0	0.7782954791256209	1	0.14864263152606713	2	0.07306188934831197	
450	Chapter_23_p935,paragraph,	1	0.5080497222962548	0	0.4378521620433606	2	0.05409811566038471	
451	Chapter_12_p419,paragraph,	0	0.7227538294179087	1	0.2203321562758461	2	0.05691401430624528	
452	Chapter_21_p836,paragraph,anne	0	0.6086463750528172	1	0.2659753376866119	2	0.12537828726057101	
453	Chapter_10_p350,paragraph,	0	0.660057339176706	1	0.2770150318629809	2	0.0629276289603133	
454	Chapter_15_p541,paragraph,anne	0	0.5530827593762702	1	0.3533544476836559	2	0.0935627929400739	
455	Chapter_22_p900,paragraph,	0	0.6915861593344532	1	0.24510162357331614	2	0.06331221709223066	
456	Chapter_7_p200,paragraph,now	0	0.6853014587907644	1	0.22532031329998692	2	0.08937822790924878	
457	Chapter_8_p225,paragraph,	0	0.7330384351308212	1	0.23153087039003364	2	0.03543069447914522	
458	Chapter_21_p783,paragraph,	0	0.4959824525366837	1	0.36683991906922864	2	0.13717762839408765	
459	Chapter_3_p50,paragraph,	1	0.5926651212464982	0	0.3576425941273178	2	0.04969228462618402	
460	Chapter_5_p130,paragraph,a	0	0.7012039186454607	1	0.17612828464063313	2	0.1226677967139062	
461	Chapter_20_p710,paragraph,anne	0	0.7033026843614252	1	0.17628184350317477	2	0.12041547213540013	
462	Chapter_6_p153,paragraph,the	0	0.8243682086297872	1	0.16096380385574913	2	0.014667987514463772	
463	Chapter_14_p504,paragraph,	0	0.6432680954081759	1	0.30938704006516393	2	0.047344864526660285	
464	Chapter_22_p888,paragraph,	0	0.6015632820347727	1	0.33849385212916155	2	0.059942865836065805	
465	Chapter_14_p495,paragraph,	0	0.6479806996570081	1	0.28064235174028956	2	0.07137694860270238	
466	Chapter_7_p192,paragraph,her	0	0.8633548158571003	1	0.11608758096302116	2	0.02055760317987859	
467	Chapter_13_p484,paragraph,anne	0	0.7023089063424138	1	0.2460007949096749	2	0.05169029874791132	
468	Chapter_23_p944,paragraph,	1	0.5144511071786325	0	0.3788518242212259	2	0.10669706860014178	
469	Chapter_12_p389,paragraph,the	0	0.6979957146595773	1	0.21623138108415757	2	0.08577290425626521	
470	Chapter_15_p544,paragraph,	0	0.5443035506830144	1	0.4202657548378405	2	0.03543069447914522	
471	Chapter_15_p530,paragraph,but	0	0.6483507233327116	1	0.33478517443764205	2	0.01686410222964655	
472	Chapter_13_p472,paragraph,she	0	0.57901753303789	1	0.40079334151580637	2	0.020189125446303642	
473	Chapter_10_p337,paragraph,	0	0.6166542638910891	1	0.35354035650519594	2	0.029805379603715043	
474	Chapter_17_p598,paragraph,mr	0	0.5361510697912951	1	0.2530849193236981	2	0.21076401088500676	
475	Chapter_17_p590,paragraph,mrs	0	0.5872601699874143	1	0.38759251569918435	2	0.02514731431340146	
476	Chapter_13_p480,paragraph,	0	0.6136608996017626	1	0.31925619485268447	2	0.06708290554555288	
477	Chapter_8_p259,paragraph,	0	0.6576578858916555	1	0.2969070386200012	2	0.045435075488343406	
478	Chapter_21_p761,paragraph,	0	0.660057339176706	1	0.3066090387790638	2	0.03333362204423033	
479	Chapter_7_p204,paragraph,	1	0.45011595194369974	0	0.39969355985712834	2	0.15019048819917197	
480	Chapter_10_p320,paragraph,henrietta	0	0.8135453149947036	1	0.1540791837685773	2	0.03237550123671921	
481	Chapter_18_p618,paragraph,	0	0.6276155233845642	1	0.279084538503975	2	0.09329993811146083	
482	Chapter_15_p538,paragraph,	0	0.6458882549933131	1	0.3120685332701105	2	0.04204321173657641	
483	Chapter_12_p447,paragraph,she	0	0.4686248117599365	1	0.4415129364642166	2	0.08986225177584706	
484	Chapter_13_p465,paragraph,there	0	0.4756296677989295	1	0.38759251569918435	2	0.13677781650188617	
485	Chapter_3_p63,paragraph,mr	0	0.6454982971989431	1	0.28309974254437364	2	0.07140196025668326	
486	Chapter_9_p272,paragraph,it	0	0.6523161209505411	2	0.18371356149362525	1	0.16397031755583363	
487	Chapter_16_p558,paragraph,they	0	0.8329499801753733	1	0.14721639540204953	2	0.01983362442257724	
488	Chapter_10_p312,paragraph,	0	0.6166542638910891	2	0.21503650338345057	1	0.1683092327254604	
489	Chapter_3_p71,paragraph,mr	0	0.6136608996017626	1	0.31925619485268447	2	0.06708290554555288	
490	Chapter_8_p213,paragraph,whether	0	0.5622455591075646	1	0.29240847747282095	2	0.14534596341961448	
491	Chapter_21_p809,paragraph,	0	0.453548424968461	1	0.27532423344637735	2	0.27112734158516166	
492	Chapter_22_p878,paragraph,	0	0.6832147446635812	1	0.27474204359984244	2	0.04204321173657641	
493	Chapter_12_p424,paragraph,captain	0	0.673217942878722	1	0.2596991515757251	2	0.06708290554555288	
494	Chapter_18_p644,paragraph,anne	0	0.5835983128381922	1	0.3840261859250887	2	0.03237550123671921	
495	Chapter_14_p516,paragraph,immediately	0	0.49886667025244913	2	0.261495239638214	1	0.23963809010933693	
496	Chapter_10_p342,paragraph,this	0	0.7460267032659695	1	0.18354714075872047	2	0.07042615597531009	
497	Chapter_17_p573,paragraph,miss	0	0.7243682128821839	1	0.23905039517513046	2	0.03658139194268567	
498	Chapter_8_p268,paragraph,these	0	0.823608351685973	1	0.08984962520974246	2	0.08654202310428469	
499	Chapter_16_p556,paragraph,it	0	0.439931010946633	1	0.3405301590253141	2	0.21953883002805294	
500	Chapter_12_p421,paragraph,as	0	0.7782954791256209	1	0.1720122362481951	2	0.04969228462618402	
501	Chapter_23_p973,paragraph,in	0	0.4912736839930763	1	0.34459795935044624	2	0.1641283566564776	
502	Chapter_17_p600,paragraph,lady	1	0.48417308027556166	0	0.4824932976802081	2	0.03333362204423033	
503	Chapter_22_p871,paragraph,the	0	0.813216021157437	1	0.14491869524956436	2	0.041865283592998674	
504	Chapter_22_p865,paragraph,	0	0.5178859302263876	1	0.4599374589093504	2	0.022176610864262047	
505	Chapter_10_p345,paragraph,anne	0	0.5353962162935985	1	0.3860334192794988	2	0.07857036442690275	
506	Chapter_16_p560,paragraph,sir	1	0.5839511750848732	0	0.39613730246690676	2	0.019911522448220233	
507	Chapter_21_p745,paragraph,an	0	0.5929793414910333	1	0.3288559482566823	2	0.07816471025228441	
508	Chapter_3_p68,paragraph,	0	0.4636551794664591	1	0.4421154300714081	2	0.09422939046213281	
509	Chapter_17_p595,paragraph,lady	0	0.680841841456612	1	0.24384666304336297	2	0.07531149550002507	
510	Chapter_24_p999,paragraph,of	0	0.6731113436196321	1	0.2814411274725556	2	0.04544752890781242	
511	Chapter_18_p633,paragraph,	0	0.4577276993028675	2	0.36291080681059307	1	0.17936149388653952	
512	Chapter_5_p100,paragraph,this	0	0.6496902706227442	1	0.3159595478225261	2	0.03435018155472971	
513	Chapter_23_p923,paragraph,the	0	0.497511256789593	1	0.3087882048824579	2	0.19370053832794917	
514	Chapter_6_p168,paragraph,she	0	0.7541500029712271	1	0.22367338616451088	2	0.022176610864262047	
515	Chapter_6_p157,paragraph,	0	0.5711669063917081	1	0.3719190793020466	2	0.05691401430624528	
516	Chapter_23_p931,paragraph,captain	0	0.631912370862808	1	0.27596201351069966	2	0.09212561562649227	
517	Chapter_8_p215,paragraph,when	0	0.7055790575608539	1	0.2127787561098824	2	0.08164218632926366	
518	Chapter_20_p695,paragraph,	0	0.6903893678769194	1	0.2641664022527785	2	0.0454442298703021	
519	Chapter_21_p833,paragraph,but	0	0.5202818686743234	1	0.43224471657457825	2	0.047473414751098404	
520	Chapter_13_p479,paragraph,	0	0.5866636699082917	1	0.3728059742632936	2	0.04053035582841479	
521	Chapter_18_p638,paragraph,	0	0.6353767804672584	1	0.30131100244051096	2	0.06331221709223066	
522	Chapter_19_p662,paragraph,it	0	0.5393521367009905	1	0.40123666515616074	2	0.05941119814284881	
523	Chapter_12_p444,paragraph,anne	0	0.6377272997702108	1	0.2669705188303079	2	0.09530218139948132	
524	Chapter_19_p673,paragraph,	0	0.610526317783013	1	0.3377833834690757	2	0.05169029874791132	
525	Chapter_10_p346,paragraph,yes	0	0.6631656301464703	1	0.24079574503849846	2	0.09603862481503123	
526	Chapter_7_p183,paragraph,	0	0.7227538294179087	1	0.2203321562758461	2	0.05691401430624528	
527	Chapter_21_p819,paragraph,	1	0.6160347259686262	0	0.33427298940518985	2	0.04969228462618402	
528	Chapter_18_p635,paragraph,	0	0.5662867707271335	1	0.3945906357056144	2	0.039122593567252145	
529	Chapter_19_p685,paragraph,a	0	0.6191116873341352	1	0.352457424114613	2	0.028430888551251882	
530	Chapter_12_p412,paragraph,captain	0	0.7491435200188001	2	0.13379078988918147	1	0.11706569009201838	
531	Chapter_6_p138,paragraph,she	0	0.571235275652777	1	0.3120685332701105	2	0.11669619107711252	
532	Chapter_15_p547,paragraph,he	0	0.541681311512374	1	0.36579705261122974	2	0.09252163587639627	
533	Chapter_22_p894,paragraph,anne	0	0.7227538294179087	1	0.2203321562758461	2	0.05691401430624528	
534	Chapter_23_p990,paragraph,	0	0.45805897084264957	1	0.39424283248842495	2	0.1476981966689255	
535	Chapter_8_p269,paragraph,	0	0.6321580045498524	1	0.32416860952496945	2	0.0436733859251782	
536	Chapter_22_p855,paragraph,he	0	0.57132021304924	1	0.40511106556021864	2	0.023568721390541485	
537	Chapter_23_p993,paragraph,	0	0.5791674016000635	1	0.3575203813077058	2	0.06331221709223066	
538	Chapter_21_p838,paragraph,it	1	0.5303315252015128	0	0.4522838002748941	2	0.017384674523593203	
539	Chapter_23_p953,paragraph,the	0	0.5550938270245412	2	0.24864952535149887	1	0.19625664762395997	
540	Chapter_8_p230,paragraph,	0	0.6173200571237336	1	0.21623138108415757	2	0.16644856179210882	
541	Chapter_1_p8,paragraph,his	1	0.6683211948347657	0	0.28081728985629384	2	0.0508615153089406	
542	Chapter_9_p271,paragraph,captain	0	0.6950839847850172	1	0.2630507316219841	2	0.041865283592998674	
543	Chapter_3_p69,paragraph,after	0	0.6136608996017626	1	0.31925619485268447	2	0.06708290554555288	
544	Chapter_20_p717,paragraph,	0	0.6334154430827544	1	0.3087882048824579	2	0.05779635203478768	
545	Chapter_15_p526,paragraph,anne	0	0.7012039186454607	1	0.20005709623110057	2	0.09873898512343875	
546	Chapter_4_p89,paragraph,the	0	0.6269359598211189	1	0.3040052305491738	2	0.06905880962970734	
547	Chapter_12_p414,paragraph,	0	0.5546104471074894	1	0.28539483080378797	2	0.15999472208872267	
548	Chapter_11_p365,paragraph,	0	0.5757593647576488	1	0.3573541266885715	2	0.0668865085537797	
549	Chapter_9_p302,paragraph,but	0	0.6353767804672584	1	0.30131100244051096	2	0.06331221709223066	
550	Chapter_21_p742,paragraph,she	0	0.6406313704400257	1	0.32380512906753134	2	0.035563500492442925	
551	Chapter_15_p532,paragraph,the	1	0.5372262778223889	0	0.4414372836250649	2	0.021336438552546282	
552	Chapter_5_p93,paragraph,the	0	0.6123416881077561	1	0.32653943538596086	2	0.061118876506283136	
553	Chapter_16_p565,paragraph,	1	0.5589149181089519	0	0.42622356137103495	2	0.014861520520013372	
554	Chapter_10_p308,paragraph,it	0	0.7457956661608749	1	0.23783053394780995	2	0.016373799891315304	
555	Chapter_17_p576,paragraph,the	0	0.5769421730171738	1	0.33025530190648467	2	0.09280252507634171	
556	Chapter_8_p240,paragraph,they	0	0.6100233919253277	1	0.37203819883575945	2	0.017938409238912843	
557	Chapter_22_p905,paragraph,her	0	0.6717747455170211	1	0.25763740113205097	2	0.07058785335092801	
558	Chapter_6_p164,paragraph,the	1	0.4691748897665042	0	0.46803489797197556	2	0.06279021226152029	
559	Chapter_24_p1000,paragraph,it	0	0.6191937494481025	1	0.3464560689971679	2	0.03435018155472971	
560	Chapter_24_p1005,paragraph,her	0	0.5465033500789973	1	0.39313120900949994	2	0.06036544091150284	
561	Chapter_6_p155,paragraph,	0	0.6879903811035392	1	0.2578330890754821	2	0.05417652982097882	
562	Chapter_19_p678,paragraph,she	0	0.610526317783013	1	0.2918920891893753	2	0.09758159302761171	
563	Chapter_12_p382,paragraph,	0	0.5467861810180406	1	0.37656964136324367	2	0.07664417761871588	
564	Chapter_8_p221,paragraph,	0	0.5662867707271335	1	0.3945906357056144	2	0.039122593567252145	
565	Chapter_14_p523,paragraph,anne	0	0.6012347320255873	1	0.30938704006516393	2	0.08937822790924878	
566	Chapter_23_p943,paragraph,	0	0.5128327384681358	2	0.27018215818755215	1	0.21698510334431223	
567	Chapter_16_p557,paragraph,however	0	0.7421387921172837	1	0.22724569310656098	2	0.03061551477615538	
568	Chapter_3_p73,paragraph,	0	0.5518729313068576	1	0.3359690421410902	2	0.11215802655205227	
569	Chapter_11_p373,paragraph,anne	0	0.6704873556261961	1	0.2903900508065518	2	0.039122593567252145	
570	Chapter_18_p609,paragraph,	0	0.5541038563248033	1	0.31925619485268447	2	0.12663994882251225	
571	Chapter_21_p772,paragraph,	1	0.5950014186519874	0	0.3552082835639244	2	0.04979029778408826	
572	Chapter_5_p112,paragraph,	0	0.7227538294179087	1	0.2203321562758461	2	0.05691401430624528	
573	Chapter_8_p223,paragraph,	0	0.5886972282734607	1	0.3159595478225261	2	0.09534322390401329	
574	Chapter_20_p702,paragraph,	0	0.7225006203366523	1	0.19477082183685118	2	0.08272855782649663	
575	Chapter_8_p260,paragraph,he	0	0.6136608996017626	1	0.31925619485268447	2	0.06708290554555288	
576	Chapter_20_p723,paragraph,	0	0.541681311512374	1	0.42498506644339573	2	0.03333362204423033	
577	Chapter_18_p631,paragraph,	0	0.5662867707271335	1	0.3945906357056144	2	0.039122593567252145	
578	Chapter_17_p574,paragraph,she	0	0.47932279809155703	1	0.4425124916561586	2	0.07816471025228441	
579	Chapter_23_p986,paragraph,	0	0.8094214688249464	1	0.15145593760780157	2	0.039122593567252145	
580	Chapter_1_p23,paragraph,their	1	0.5368227056701074	0	0.40973847763475807	2	0.053438816695134665	
581	Chapter_16_p555,paragraph,it	0	0.5051188667746467	1	0.4431662366927677	2	0.051714896532585757	
582	Chapter_12_p427,paragraph,by	0	0.6300930453798571	1	0.2855787559041625	2	0.08432819871598048	
583	Chapter_23_p979,paragraph,he	0	0.6144130927807112	1	0.31420995861658646	2	0.07137694860270238	
584	Chapter_13_p481,paragraph,	0	0.5952326914837267	1	0.2056547234165839	2	0.1991125850996894	
585	Chapter_23_p952,paragraph,she	0	0.6876931276572635	1	0.19625664762395997	2	0.11605022471877652	
586	Chapter_14_p498,paragraph,	0	0.6398917797549066	1	0.30593169042411456	2	0.05417652982097882	
587	Chapter_1_p19,paragraph,this	1	0.6282710160233139	0	0.3293609471248518	2	0.04236803685183443	
588	Chapter_12_p441,paragraph,	0	0.7782954791256209	1	0.14864263152606713	2	0.07306188934831197	
589	Chapter_23_p974,paragraph,from	0	0.6896513460927889	1	0.2770150318629809	2	0.03333362204423033	
590	Chapter_21_p808,paragraph,anne	0	0.6173200571237336	1	0.2969070386200012	2	0.08577290425626521	
591	Chapter_3_p48,paragraph,	1	0.6109273629245751	0	0.2915045064735736	2	0.09756813060185136	
592	Chapter_18_p622,paragraph,in	0	0.5605277640253665	1	0.33577032381596267	2	0.10370191215867082	
593	Chapter_5_p109,paragraph,her	0	0.76169228383651	1	0.17042942225459115	2	0.06787829390889887	
594	Chapter_4_p82,paragraph,captain	1	0.5593675903638802	0	0.318963179974229	2	0.12166922966189099	
595	Chapter_8_p212,paragraph,from	0	0.6511132462664629	1	0.28947555559068827	2	0.05941119814284881	
596	Chapter_20_p730,paragraph,before	0	0.6399508640348716	1	0.3136124708630899	2	0.046436665102038595	
597	Chapter_19_p675,paragraph,	0	0.5541038563248033	1	0.31925619485268447	2	0.12663994882251225	
598	Chapter_7_p182,paragraph,	0	0.8422886902642674	1	0.12533580849901335	2	0.03237550123671921	
599	Chapter_20_p731,paragraph,when	0	0.7153709039498178	1	0.23520684822134819	2	0.04942224782883401	
600	Chapter_23_p922,paragraph,anne	0	0.6848170602371092	1	0.2654906551367069	2	0.04969228462618402	
601	Chapter_23_p962,paragraph,	0	0.7482002006221142	1	0.2001095006299745	2	0.05169029874791132	
602	Chapter_6_p148,paragraph,in	0	0.6958926646081836	1	0.23622904148291762	2	0.06787829390889887	
603	Chapter_7_p186,paragraph,	0	0.797916350252094	1	0.18385493094924513	2	0.01822871879866099	
604	Chapter_3_p70,paragraph,	0	0.6547813086797174	1	0.28527582548421687	2	0.059942865836065805	
605	Chapter_20_p694,paragraph,she	0	0.5541038563248033	1	0.31925619485268447	2	0.12663994882251225	
606	Chapter_19_p656,paragraph,her	0	0.6641227354884092	1	0.1977490317214024	2	0.13812823279018852	
607	Chapter_8_p262,paragraph,	0	0.4976395735253309	1	0.29286744041017554	2	0.20949298606449362	
608	Chapter_3_p61,paragraph,	0	0.5592013686429989	1	0.22532031329998692	2	0.21547831805701426	
609	Chapter_5_p124,paragraph,	0	0.7075314902711567	1	0.2401799792786177	2	0.052288530450225655	
610	Chapter_22_p885,paragraph,mrs	0	0.6832147446635812	1	0.27474204359984244	2	0.04204321173657641	
611	Chapter_19_p658,paragraph,her	0	0.6693633653188007	1	0.27850789392263553	2	0.05212874075856385	
612	Chapter_14_p517,paragraph,anne	0	0.698890672175899	1	0.23130981263530578	2	0.06979951518879535	
613	Chapter_14_p521,paragraph,anne	0	0.5778348688684783	1	0.25942792702817735	2	0.16273720410334436	
614	Chapter_21_p760,paragraph,	0	0.610526317783013	1	0.3377833834690757	2	0.05169029874791132	
615	Chapter_1_p6,paragraph,	0	0.43310127849523333	1	0.35142040344775244	2	0.21547831805701426	
616	Chapter_7_p202,paragraph,	0	0.7153709039498178	1	0.19132915793872138	2	0.09329993811146083	
617	Chapter_4_p79,paragraph,he	0	0.5351300351827019	1	0.37879302187267483	2	0.08607694294462341	
618	Chapter_6_p152,paragraph,so	0	0.8642646953719774	1	0.11216658323748119	2	0.023568721390541485	
619	Chapter_13_p468,paragraph,lady	0	0.660057339176706	1	0.3066090387790638	2	0.03333362204423033	
620	Chapter_10_p339,paragraph,as	0	0.832669397670595	1	0.1329804207746754	2	0.03435018155472971	
621	Chapter_3_p53,paragraph,	0	0.5339087859825089	1	0.4240480022809147	2	0.04204321173657641	
622	Chapter_10_p326,paragraph,anne	0	0.7919405496195608	1	0.1559307096218754	2	0.05212874075856385	
623	Chapter_7_p211,paragraph,	0	0.5837378331019374	1	0.32296222878660186	2	0.09329993811146083	
624	Chapter_21_p743,paragraph,prettier	0	0.6701268069815522	1	0.23153087039003364	2	0.09834232262841416	
625	Chapter_21_p777,paragraph,	0	0.6136608996017626	1	0.31925619485268447	2	0.06708290554555288	
626	Chapter_22_p875,paragraph,a	0	0.7735027689086	2	0.12537828726057101	1	0.10111894383082908	
627	Chapter_19_p676,paragraph,	0	0.610526317783013	1	0.3377833834690757	2	0.05169029874791132	
628	Chapter_12_p417,paragraph,	0	0.673217942878722	1	0.2596991515757251	2	0.06708290554555288	
629	Chapter_3_p75,paragraph,it	0	0.6054886722835909	1	0.22398590782156802	2	0.1705254198948411	
630	Chapter_22_p862,paragraph,she	0	0.8837250493217544	1	0.10487342416864738	2	0.011401526509598275	
631	Chapter_20_p736,paragraph,such	0	0.7472400321785214	1	0.2229255821254606	2	0.02983438569601806	
632	Chapter_11_p359,paragraph,the	0	0.7864520998536358	1	0.15542691876773915	2	0.05812098137862507	
633	Chapter_5_p91,paragraph,on	0	0.6896513460927889	1	0.2770150318629809	2	0.03333362204423033	
634	Chapter_9_p303,paragraph,in	0	0.7568456305692056	1	0.1740955598010871	2	0.06905880962970734	
635	Chapter_19_p664,paragraph,	0	0.7023089063424138	1	0.2460007949096749	2	0.05169029874791132	
636	Chapter_19_p672,paragraph,	0	0.4959824525366837	1	0.4545952996344823	2	0.04942224782883401	
637	Chapter_20_p725,paragraph,	0	0.6586303844228953	1	0.26485590249138813	2	0.07651371308571661	
638	Chapter_6_p167,paragraph,in	0	0.5913386413485974	1	0.24212105041457893	2	0.16654030823682375	
639	Chapter_5_p108,paragraph,the	0	0.6006020633433394	1	0.314825051907069	2	0.08457288474959167	
640	Chapter_7_p195,paragraph,mary	0	0.8284549001938609	1	0.10111894383082908	2	0.07042615597531009	
641	Chapter_1_p2,paragraph,	0	0.5541038563248033	1	0.37881323812964385	2	0.06708290554555288	
642	Chapter_21_p832,paragraph,	0	0.4824932976802081	1	0.3362030456951468	2	0.18130365662464515	
643	Chapter_22_p853,paragraph,to	0	0.4870811456573715	1	0.44464365804380424	2	0.06827519629882432	
644	Chapter_7_p194,paragraph,the	0	0.8608144998953483	1	0.11824571874688289	2	0.020939781357768816	
645	Chapter_13_p486,paragraph,lady	0	0.5790537685654898	1	0.3359690421410902	2	0.08497718929341998	
646	Chapter_5_p135,paragraph,the	0	0.5328395514510661	1	0.4177690520048386	2	0.04939139654409537	
647	Chapter_21_p780,paragraph,	0	0.5769519484125974	1	0.4008714407231405	2	0.022176610864262047	
648	Chapter_5_p132,paragraph,	0	0.6709317832710339	1	0.28539483080378797	2	0.0436733859251782	
649	Chapter_19_p661,paragraph,after	0	0.7577065801445049	1	0.22345494932083498	2	0.018838470534660194	
650	Chapter_8_p245,paragraph,the	0	0.5315532424274458	1	0.3945906357056144	2	0.0738561218669397	
651	Chapter_5_p117,paragraph,	0	0.571235275652777	1	0.23741555392957442	2	0.19134917041764862	
652	Chapter_18_p645,paragraph,	0	0.7959500632800901	1	0.16861924224076472	2	0.03543069447914522	
653	Chapter_1_p4,paragraph,precisely	0	0.5835303557627048	1	0.37102541436699316	2	0.0454442298703021	
654	Chapter_19_p660,paragraph,he	0	0.6276155233845642	1	0.32296222878660186	2	0.04942224782883401	
655	Chapter_21_p801,paragraph,she	0	0.673217942878722	1	0.2596991515757251	2	0.06708290554555288	
656	Chapter_18_p630,paragraph,	0	0.6879903811035392	1	0.2578330890754821	2	0.05417652982097882	
657	Chapter_12_p446,paragraph,captain	0	0.731556269681365	1	0.21875144569245097	2	0.04969228462618402	
658	Chapter_8_p234,paragraph,	0	0.5549989309880745	1	0.3964435543106004	2	0.04855751470132513	
659	Chapter_2_p35,paragraph,lady	0	0.5913386413485974	1	0.3823386787473466	2	0.026322679904056068	
660	Chapter_9_p274,paragraph,charles	0	0.6260879491364655	1	0.29860055536350943	2	0.07531149550002507	
661	Chapter_7_p193,paragraph,anne	0	0.5472778790281174	2	0.2727825898604838	1	0.17993953111139885	
662	Chapter_22_p884,paragraph,	0	0.8080273737571207	1	0.158639004198649	2	0.03333362204423033	
663	Chapter_19_p657,paragraph,it	0	0.7959500632800901	1	0.16861924224076472	2	0.03543069447914522	
664	Chapter_22_p873,paragraph,her	0	0.7148504961509015	1	0.2365919891477735	2	0.04855751470132513	
665	Chapter_22_p843,paragraph,anne	1	0.509770142480551	0	0.4079714053052677	2	0.0822584522141814	
666	Chapter_12_p409,paragraph,mrs	0	0.7980723339502036	1	0.12517491957315313	2	0.07675274647664337	
667	Chapter_5_p129,paragraph,	0	0.7965004666345483	1	0.1457031813306641	2	0.05779635203478768	
668	Chapter_5_p99,paragraph,to	0	0.660057339176706	1	0.24742102494689788	2	0.09252163587639627	
669	Chapter_21_p826,paragraph,	0	0.7079993353246621	1	0.2320577988392722	2	0.059942865836065805	
670	Chapter_3_p76,paragraph,sir	0	0.5377553530500166	1	0.4289111606831791	2	0.03333348626680435	
671	Chapter_21_p782,paragraph,	0	0.571235275652777	1	0.38672151261064663	2	0.04204321173657641	
672	Chapter_8_p244,paragraph,	0	0.673217942878722	1	0.2596991515757251	2	0.06708290554555288	
673	Chapter_12_p391,paragraph,	0	0.5295037067600539	1	0.3689600659232172	2	0.10153622731672902	
674	Chapter_13_p469,paragraph,the	0	0.7782055147334161	1	0.18073755807628264	2	0.04105692719030127	
675	Chapter_5_p97,paragraph,something	0	0.5713016178781926	1	0.27850789392263553	2	0.15019048819917197	
676	Chapter_18_p623,paragraph,captain	0	0.7583827810353194	1	0.21653940021771076	2	0.025077818746969974	
677	Chapter_7_p208,paragraph,it	0	0.5966406211413341	1	0.3614940952656673	2	0.041865283592998674	
678	Chapter_10_p319,paragraph,mary	0	0.5837378331019374	1	0.36683991906922864	2	0.04942224782883401	
679	Chapter_5_p111,paragraph,here	0	0.6453806359804612	1	0.24057169406592827	2	0.11404766995361058	
680	Chapter_23_p978,paragraph,anne	0	0.5637310856683075	1	0.3800019456165867	2	0.056266968715105836	
681	Chapter_20_p705,paragraph,	0	0.7306802998223515	1	0.24837991881987978	2	0.020939781357768816	
682	Chapter_23_p924,paragraph,captain	0	0.822707760133132	1	0.15990756534327494	2	0.017384674523593203	
683	Chapter_6_p149,paragraph,she	0	0.7603325306691234	1	0.2232936694395614	2	0.016373799891315304	
684	Chapter_22_p872,paragraph,elizabeth	0	0.7232911323331014	1	0.2316580217082908	2	0.04505084595860785	
685	Chapter_12_p393,paragraph,	1	0.47463138880385175	0	0.4732398704375844	2	0.05212874075856385	
686	Chapter_23_p975,paragraph,	0	0.6198958181804802	1	0.34569177828707576	2	0.034412403532444055	
687	Chapter_6_p137,paragraph,anne	0	0.6611979249192201	1	0.30808840254680975	2	0.030713672533970133	
688	Chapter_22_p868,paragraph,anne	0	0.6722248550758418	1	0.27086113061791295	2	0.05691401430624528	
689	Chapter_12_p390,paragraph,	0	0.7079993353246621	1	0.2320577988392722	2	0.059942865836065805	
690	Chapter_7_p171,paragraph,a	0	0.7025567428851707	1	0.27828435334058665	2	0.01915890377424268	
691	Chapter_18_p603,paragraph,	0	0.6576578858916555	1	0.2969070386200012	2	0.045435075488343406	
692	Chapter_20_p718,paragraph,	0	0.4955959757090092	1	0.30593169042411456	2	0.19847233386687627	
693	Chapter_12_p450,paragraph,anne	0	0.5605277640253665	1	0.31063877608419455	2	0.1288334598904389	
694	Chapter_18_p624,paragraph,she	0	0.6958926646081836	1	0.2526789462899992	2	0.051428389101817254	
695	Chapter_16_p554,paragraph,as	1	0.7188483910075811	0	0.2531853647370417	2	0.02796624425537726	
696	Chapter_22_p906,paragraph,the	0	0.8013496710567398	1	0.13942837592422183	2	0.05922195301903838	
697	Chapter_10_p344,paragraph,	0	0.7578677240041173	1	0.20008906425930637	2	0.04204321173657641	
698	Chapter_1_p7,paragraph,vanity	1	0.5800349244721336	0	0.36392763349029744	2	0.05603744203756908	
699	Chapter_20_p738,paragraph,	0	0.6576578858916555	1	0.2969070386200012	2	0.045435075488343406	
700	Chapter_3_p46,paragraph,	0	0.6564176120627134	1	0.2918920891893753	2	0.05169029874791132	
701	Chapter_13_p482,paragraph,anne	0	0.673217942878722	1	0.2596991515757251	2	0.06708290554555288	
702	Chapter_15_p543,paragraph,he	0	0.7700508099754959	1	0.18775328505530745	2	0.04219590496919676	
703	Chapter_1_p22,paragraph,there	0	0.45553130452688617	1	0.40123666515616074	2	0.14323203031695317	
704	Chapter_21_p815,paragraph,anne	0	0.6007572718088044	1	0.3444262895519123	2	0.05481643863928335	
705	Chapter_20_p739,paragraph,	0	0.621695880733775	1	0.27086113061791295	2	0.10744298864831212	
706	Chapter_14_p490,paragraph,mary	0	0.7455361018293324	1	0.2216448919863146	2	0.032819006184353114	
707	Chapter_15_p536,paragraph,anne	1	0.4994457530164611	0	0.4029861163816876	2	0.09756813060185136	
708	Chapter_8_p248,paragraph,	1	0.5236622625241558	0	0.39969355985712834	2	0.07664417761871588	
709	Chapter_10_p321,paragraph,charles	0	0.5744352704445144	2	0.22114491467632438	1	0.20441981487916128	
710	Chapter_22_p846,paragraph,	0	0.6357538273265086	1	0.2903900508065518	2	0.0738561218669397	
711	Chapter_15_p548,paragraph,anne	0	0.7227538294179087	1	0.2203321562758461	2	0.05691401430624528	
712	Chapter_8_p222,paragraph,the	0	0.673217942878722	1	0.2596991515757251	2	0.06708290554555288	
713	Chapter_11_p364,paragraph,captain	0	0.6746071134718529	1	0.31733537958894414	2	0.008057506939203088	
714	Chapter_9_p275,paragraph,mrs	1	0.4734420331036577	0	0.4378521620433606	2	0.0887058048529818	
715	Chapter_2_p36,paragraph,the	0	0.5212298271822134	1	0.3823386787473466	2	0.09643149407043991	
716	Chapter_21_p830,paragraph,	1	0.44464365804380424	0	0.3997270208702286	2	0.1556293210859672	
717	Chapter_14_p489,paragraph,they	0	0.7069938010491993	1	0.2056547234165839	2	0.08735147553421693	
718	Chapter_20_p720,paragraph,	0	0.6564176120627134	1	0.2918920891893753	2	0.05169029874791132	
719	Chapter_13_p473,paragraph,in	0	0.5637310856683075	1	0.30061717828241435	2	0.1356517360492782	
720	Chapter_1_p15,paragraph,she	1	0.5146331970617439	0	0.41848029438447637	2	0.0668865085537797	
721	Chapter_6_p146,paragraph,again	0	0.7021850726361292	1	0.2814411274725556	2	0.016373799891315304	
722	Chapter_3_p56,paragraph,	2	0.44597040858707865	0	0.28724925671084245	1	0.266780334702079	
723	Chapter_24_p1001,paragraph,the	1	0.49938719613526206	0	0.48077917944216075	2	0.01983362442257724	
724	Chapter_17_p583,paragraph,	0	0.5282872040945852	1	0.36875437956215484	2	0.10295841634326001	
725	Chapter_3_p51,paragraph,here	0	0.6136608996017626	1	0.2596991515757251	2	0.12663994882251225	
726	Chapter_22_p869,paragraph,	0	0.45112101301582963	2	0.3301275412917194	1	0.21875144569245097	
727	Chapter_21_p757,paragraph,a	0	0.6353767804672584	1	0.30131100244051096	2	0.06331221709223066	
728	Chapter_2_p38,paragraph,how	1	0.506862283434919	0	0.40276587085609117	2	0.09037184570899003	
729	Chapter_4_p87,paragraph,how	0	0.5445994319043415	1	0.33559946930309076	2	0.11980109879256787	
730	Chapter_21_p797,paragraph,	0	0.7560585644555757	1	0.21156593430770515	2	0.03237550123671921	
731	Chapter_8_p226,paragraph,	0	0.6276155233845642	1	0.279084538503975	2	0.09329993811146083	
732	Chapter_23_p918,paragraph,	0	0.7296543946631463	1	0.2413085912684388	2	0.02903701406841497	
733	Chapter_10_p315,paragraph,	0	0.6722248550758418	1	0.27086113061791295	2	0.05691401430624528	
734	Chapter_4_p81,paragraph,anne	1	0.4357419759261103	0	0.3552082835639244	2	0.2090497405099653	
735	Chapter_21_p746,paragraph,	0	0.5339087859825089	1	0.38672151261064663	2	0.07936970140684446	
736	Chapter_12_p397,paragraph,when	0	0.49702628907303215	1	0.4339149012972605	2	0.06905880962970734	
737	Chapter_7_p196,paragraph,	0	0.6547813086797174	1	0.28527582548421687	2	0.059942865836065805	
738	Chapter_12_p439,paragraph,	0	0.8327720929466198	1	0.11241146841409688	2	0.05481643863928335	
739	Chapter_8_p237,paragraph,	0	0.6564176120627134	1	0.2918920891893753	2	0.05169029874791132	
740	Chapter_21_p749,paragraph,	0	0.5541038563248033	1	0.31925619485268447	2	0.12663994882251225	
741	Chapter_20_p699,paragraph,	1	0.5343387242226721	0	0.40818352134646646	2	0.057477754430861526	
742	Chapter_20_p728,paragraph,	0	0.53664439958789	1	0.337244867387923	2	0.12611073302418702	
743	Chapter_21_p769,paragraph,mrs	0	0.7482002006221142	1	0.2001095006299745	2	0.05169029874791132	
744	Chapter_5_p119,paragraph,	0	0.7330384351308212	1	0.23153087039003364	2	0.03543069447914522	
745	Chapter_14_p497,paragraph,	0	0.5866636699082917	1	0.3728059742632936	2	0.04053035582841479	
746	Chapter_5_p107,paragraph,anne	0	0.6432680954081759	1	0.2673536766825754	2	0.08937822790924878	
747	Chapter_21_p799,paragraph,	0	0.6276155233845642	1	0.32296222878660186	2	0.04942224782883401	
748	Chapter_21_p766,paragraph,mrs	0	0.7079993353246621	1	0.2320577988392722	2	0.059942865836065805	
749	Chapter_17_p599,paragraph,mr	0	0.8118432413430474	1	0.15984948969358603	2	0.02830726896336658	
750	Chapter_19_p681,paragraph,the	0	0.47236864121935423	1	0.4516497357996341	2	0.07598162298101181	
751	Chapter_9_p281,paragraph,	0	0.6265366963796728	1	0.3444262895519123	2	0.02903701406841497	
752	Chapter_7_p198,paragraph,soon	1	0.5116911579383392	0	0.46000157309829426	2	0.02830726896336658	
753	Chapter_20_p719,paragraph,	0	0.6276155233845642	1	0.32296222878660186	2	0.04942224782883401	
754	Chapter_12_p410,paragraph,anne	0	0.7273151891860118	1	0.24030930957726906	2	0.03237550123671921	
755	Chapter_18_p628,paragraph,the	0	0.617914072498258	1	0.28023982842532913	2	0.101846099076413	
756	Chapter_12_p452,paragraph,	0	0.6576578858916555	1	0.2969070386200012	2	0.045435075488343406	
757	Chapter_13_p456,paragraph,the	0	0.7149579548586514	1	0.22724569310656098	2	0.05779635203478768	
758	Chapter_11_p376,paragraph,his	0	0.39977595008156286	2	0.378672291358958	1	0.2215517585594792	
759	Chapter_7_p175,paragraph,the	0	0.7147136755841373	1	0.26579589794807507	2	0.019490426467787612	
760	Chapter_1_p16,paragraph,she	0	0.5172083125580491	1	0.4046269771896665	2	0.07816471025228441	
761	Chapter_19_p683,paragraph,	0	0.7054664576252287	1	0.24809687727273272	2	0.046436665102038595	
762	Chapter_20_p714,paragraph,	0	0.6269359598211189	1	0.3364826482361955	2	0.03658139194268567	
763	Chapter_20_p700,paragraph,either	0	0.736575772083208	1	0.1422082365484374	2	0.12121599136835462	
764	Chapter_14_p491,paragraph,anne	0	0.6276155233845642	1	0.279084538503975	2	0.09329993811146083	
765	Chapter_23_p928,paragraph,	0	0.6879903811035392	1	0.20973448772684958	2	0.1022751311696113	
766	Chapter_10_p313,paragraph,	0	0.6085617653230451	1	0.27474204359984244	2	0.11669619107711252	
767	Chapter_14_p513,paragraph,there	0	0.5834901406920401	1	0.3973509555337173	2	0.01915890377424268	
768	Chapter_9_p289,paragraph,charles	0	0.6393017273969577	1	0.33415656841652414	2	0.026541704186518328	
769	Chapter_7_p207,paragraph,he	0	0.6321580045498524	1	0.24662105208260646	2	0.12122094336754119	
770	Chapter_21_p842,paragraph,it	0	0.6166542638910891	1	0.35354035650519594	2	0.029805379603715043	
771	Chapter_21_p794,paragraph,	0	0.5242216326213021	1	0.3726396513362768	2	0.10313871604242122	
772	Chapter_5_p118,paragraph,	0	0.7023089063424138	1	0.2460007949096749	2	0.05169029874791132	
773	Chapter_12_p392,paragraph,	0	0.621695880733775	1	0.32139010495997977	2	0.05691401430624528	
774	Chapter_15_p527,paragraph,mrs	0	0.8055594692054038	1	0.1508591272174175	2	0.04358140357717881	
775	Chapter_22_p886,paragraph,	0	0.711317050415975	1	0.2352441328888903	2	0.053438816695134665	
776	Chapter_9_p286,paragraph,	0	0.8633548158571003	1	0.11608758096302116	2	0.02055760317987859	
777	Chapter_21_p791,paragraph,	0	0.6698284386468839	1	0.2977960601163969	2	0.03237550123671921	
778	Chapter_22_p887,paragraph,	0	0.7205412343338493	1	0.23741555392957442	2	0.04204321173657641	
779	Chapter_21_p779,paragraph,	0	0.621695880733775	1	0.32139010495997977	2	0.05691401430624528	
780	Chapter_10_p340,paragraph,charles	0	0.739588487291013	1	0.18073755807628264	2	0.0796739546327044	
781	Chapter_13_p470,paragraph,anne	0	0.6015632820347727	1	0.33849385212916155	2	0.059942865836065805	
782	Chapter_22_p898,paragraph,	0	0.6879903811035392	1	0.20973448772684958	2	0.1022751311696113	
783	Chapter_11_p374,paragraph,the	0	0.7674251127594087	1	0.20496158334217945	2	0.027613303898411826	
784	Chapter_20_p722,paragraph,mr	0	0.6877771176000191	1	0.2544265303651933	2	0.05779635203478768	
785	Chapter_18_p616,paragraph,	0	0.5711669063917081	1	0.3719190793020466	2	0.05691401430624528	
786	Chapter_23_p957,paragraph,the	0	0.7729903534168631	1	0.1282706614596982	2	0.09873898512343875	
787	Chapter_23_p972,paragraph,of	0	0.5201808992844693	1	0.2774084780142234	2	0.20241062270130744	
788	Chapter_18_p650,paragraph,	0	0.660057339176706	1	0.2770150318629809	2	0.0629276289603133	
789	Chapter_14_p514,paragraph,the	0	0.7149579548586514	1	0.20006485584792869	2	0.08497718929341998	
790	Chapter_12_p423,paragraph,	0	0.6547813086797174	1	0.28527582548421687	2	0.059942865836065805	
791	Chapter_7_p172,paragraph,captain	0	0.8554395696182224	1	0.12281201691267794	2	0.021748413469099698	
792	Chapter_3_p49,paragraph,after	0	0.5206379320496413	1	0.4224480536441135	2	0.05691401430624528	
793	Chapter_5_p106,paragraph,	0	0.5277041859241771	1	0.4074491113464515	2	0.0648467027293715	
794	Chapter_23_p927,paragraph,	0	0.736575772083208	1	0.24426532414254937	2	0.01915890377424268	
795	Chapter_7_p190,paragraph,anne	0	0.76169228383651	1	0.20332923186875437	2	0.034978484294735636	
796	Chapter_18_p647,paragraph,	0	0.7079993353246621	1	0.2320577988392722	2	0.059942865836065805	
797	Chapter_15_p545,paragraph,but	0	0.7153709039498178	1	0.23520684822134819	2	0.04942224782883401	
798	Chapter_21_p804,paragraph,	0	0.6136608996017626	1	0.31925619485268447	2	0.06708290554555288	
799	Chapter_12_p425,paragraph,	0	0.7227538294179087	1	0.2203321562758461	2	0.05691401430624528	
800	Chapter_1_p9,paragraph,this	0	0.4972076647495353	1	0.46844215369573505	2	0.03435018155472971	
801	Chapter_20_p693,paragraph,	0	0.7023089063424138	1	0.2460007949096749	2	0.05169029874791132	
802	Chapter_23_p965,paragraph,anne	0	0.6487918163398043	1	0.18799746119432606	2	0.1632107224658696	
803	Chapter_6_p145,paragraph,she	0	0.5778059345179014	1	0.3869835472348079	2	0.035210518247290816	
804	Chapter_2_p34,paragraph,lady	0	0.6443392465765143	1	0.3351031502436071	2	0.02055760317987859	
805	Chapter_8_p254,paragraph,	0	0.6832147446635812	1	0.20008906425930637	2	0.11669619107711252	
806	Chapter_22_p860,paragraph,while	0	0.6294174838740584	1	0.2718435310025029	2	0.09873898512343875	
807	Chapter_22_p876,paragraph,she	0	0.42786669389023585	1	0.3085020734395453	2	0.26363123267021893	
808	Chapter_3_p60,paragraph,mr	0	0.6276155233845642	1	0.32296222878660186	2	0.04942224782883401	
809	Chapter_8_p253,paragraph,	0	0.5711669063917081	1	0.27086113061791295	2	0.15797196299037897	
810	Chapter_18_p625,paragraph,the	0	0.6487918163398043	1	0.3085020734395453	2	0.04270611022065042	
811	Chapter_11_p358,paragraph,a	0	0.6682893102670465	1	0.3003440527819537	2	0.03136663695099997	
812	Chapter_2_p40,paragraph,from	0	0.4976395735253309	1	0.4733234124062542	2	0.02903701406841497	
813	Chapter_5_p136,paragraph,they	0	0.7615801458795113	1	0.21011258515712222	2	0.02830726896336658	
814	Chapter_1_p5,paragraph,then	1	0.44279388668977415	2	0.30953504400675613	0	0.24767106930346974	
815	Chapter_4_p83,paragraph,such	0	0.45174510858209294	2	0.28454046466893085	1	0.2637144267489764	
816	Chapter_23_p963,paragraph,	0	0.7360889824521716	1	0.20973448772684958	2	0.05417652982097882	
817	Chapter_1_p20,paragraph,such	1	0.46648218924059	0	0.4652426144605858	2	0.06827519629882432	
818	Chapter_20_p712,paragraph,the	1	0.602220535260596	0	0.3429630261001206	2	0.05481643863928335	
819	Chapter_10_p309,paragraph,	0	0.7486835202858988	1	0.21350713798769574	2	0.03780934172640548	
820	Chapter_20_p703,paragraph,	0	0.673217942878722	1	0.2596991515757251	2	0.06708290554555288	
821	Chapter_17_p596,paragraph,anne	1	0.5174864249953016	0	0.4571364647958816	2	0.02537711020881692	
822	Chapter_9_p284,paragraph,her	0	0.6576578858916555	1	0.2969070386200012	2	0.045435075488343406	
823	Chapter_9_p296,paragraph,she	0	0.6353767804672584	1	0.30131100244051096	2	0.06331221709223066	
824	Chapter_21_p807,paragraph,	0	0.6269359598211189	1	0.3040052305491738	2	0.06905880962970734	
825	Chapter_6_p156,paragraph,anne	0	0.5711669063917081	1	0.3719190793020466	2	0.05691401430624528	
826	Chapter_23_p949,paragraph,captain	0	0.5917931784062742	1	0.35403029177274703	2	0.05417652982097882	
827	Chapter_12_p381,paragraph,anne	0	0.7066358848905095	1	0.2530849193236981	2	0.04027919578579233	
828	Chapter_8_p216,paragraph,from	0	0.7273348221733529	1	0.18328694991739844	2	0.08937822790924878	
829	Chapter_16_p567,paragraph,	0	0.4972076647495353	1	0.46844215369573505	2	0.03435018155472971	
830	Chapter_14_p507,paragraph,lady	0	0.8164559864797128	1	0.1559307096218754	2	0.027613303898411826	
831	Chapter_13_p487,paragraph,so	0	0.5472778790281174	1	0.3813451723691803	2	0.07137694860270238	
832	Chapter_8_p217,paragraph,	0	0.7273348221733529	1	0.22532031329998692	2	0.047344864526660285	
833	Chapter_12_p384,paragraph,when	0	0.8394809781471596	1	0.1203295527483074	2	0.040189469104533075	
834	Chapter_2_p39,paragraph,lady	1	0.5198561602990501	0	0.4106720889180497	2	0.06947175078290037	
835	Chapter_22_p870,paragraph,here	0	0.48434631833413516	1	0.30061717828241435	2	0.21503650338345057	
836	Chapter_24_p1006,paragraph,mrs	0	0.44245486359486264	2	0.3149037098876788	1	0.2426414265174587	
837	Chapter_18_p642,paragraph,	0	0.6321580045498524	1	0.32416860952496945	2	0.0436733859251782	
838	Chapter_1_p21,paragraph,but	1	0.580160452941022	0	0.21422338101050273	2	0.2056161660484753	
839	Chapter_17_p578,paragraph,in	0	0.43085418362873756	2	0.2926148187454686	1	0.276530997625794	
840	Chapter_21_p828,paragraph,here	0	0.5917931784062742	1	0.35403029177274703	2	0.05417652982097882	
841	Chapter_23_p980,paragraph,	0	0.709044122462414	1	0.24824976731693565	2	0.04270611022065042	
842	Chapter_15_p529,paragraph,here	0	0.4733810708621985	1	0.44088033877201044	2	0.08573859036579111	
843	Chapter_2_p25,paragraph,lady	1	0.6383407458212644	0	0.22634948300826946	2	0.13530977117046622	
844	Chapter_20_p713,paragraph,anne	0	0.557631049102656	1	0.39148758895484015	2	0.05088136194250386	
845	Chapter_9_p277,paragraph,henrietta	0	0.7482002006221142	1	0.2001095006299745	2	0.05169029874791132	
846	Chapter_23_p914,paragraph,she	0	0.9033282305940296	1	0.08384165309967845	2	0.012830116306292152	
847	Chapter_8_p239,paragraph,there	0	0.7232115286414575	1	0.2299800470053976	2	0.046808424353144966	
848	Chapter_21_p820,paragraph,	0	0.5541038563248033	1	0.37881323812964385	2	0.06708290554555288	
849	Chapter_20_p704,paragraph,	0	0.7015826210561867	1	0.23153087039003364	2	0.0668865085537797	
850	Chapter_15_p540,paragraph,	0	0.6012347320255873	1	0.30938704006516393	2	0.08937822790924878	
851	Chapter_19_p689,paragraph,anne	0	0.671493213667191	1	0.19132915793872138	2	0.13717762839408765	
852	Chapter_11_p371,paragraph,anne	0	0.5525967392477287	1	0.35728953325666135	2	0.09011372749561003	
853	Chapter_5_p94,paragraph,sir	0	0.5621585533398619	1	0.32828180952130726	2	0.10955963713883088	
854	Chapter_10_p347,paragraph,her	0	0.7205412343338493	1	0.1627625745890383	2	0.11669619107711252	
855	Chapter_23_p966,paragraph,they	0	0.7645679880329909	1	0.1508591272174175	2	0.08457288474959167	
856	Chapter_22_p895,paragraph,	0	0.711317050415975	1	0.26037568062065836	2	0.02830726896336658	
857	Chapter_5_p104,paragraph,	1	0.49361740633249557	0	0.44520195546447855	2	0.06118063820302606	
858	Chapter_21_p812,paragraph,	0	0.4965822963122409	1	0.3493950229403786	2	0.15402268074738057	
859	Chapter_23_p929,paragraph,	0	0.6136608996017626	1	0.31925619485268447	2	0.06708290554555288	
860	Chapter_23_p920,paragraph,	0	0.7615801458795113	1	0.18498103742535413	2	0.053438816695134665	
861	Chapter_23_p947,paragraph,their	0	0.7227538294179087	1	0.2203321562758461	2	0.05691401430624528	
862	Chapter_3_p45,paragraph,sir	0	0.5436945770576417	2	0.24657093521550874	1	0.20973448772684958	
863	Chapter_5_p128,paragraph,	0	0.7079993353246621	1	0.2320577988392722	2	0.059942865836065805	
864	Chapter_22_p851,paragraph,	0	0.6458882549933131	1	0.23741555392957442	2	0.11669619107711252	
865	Chapter_10_p310,paragraph,just	0	0.7975140284546177	1	0.1421205306338795	2	0.06036544091150284	
866	Chapter_21_p841,paragraph,anne	0	0.5944585421340972	1	0.2715278128621521	2	0.13401364500375068	
867	Chapter_14_p515,paragraph,lady	0	0.7488393599249548	1	0.21782701803081492	2	0.03333362204423033	
868	Chapter_12_p404,paragraph,	0	0.6918907951951623	1	0.2715278128621521	2	0.03658139194268567	
869	Chapter_23_p987,paragraph,at	0	0.6287077142989345	1	0.2281656652760658	2	0.14312662042499974	
870	Chapter_23_p950,paragraph,	0	0.6979957146595773	1	0.25656920985207937	2	0.045435075488343406	
871	Chapter_22_p883,paragraph,the	0	0.7153709039498178	1	0.23520684822134819	2	0.04942224782883401	
872	Chapter_7_p176,paragraph,charles	0	0.8135453149947036	1	0.1540791837685773	2	0.03237550123671921	
873	Chapter_7_p210,paragraph,he	0	0.541681311512374	1	0.39539105952731274	2	0.0629276289603133	
874	Chapter_16_p559,paragraph,anne	0	0.7012039186454607	1	0.24791471941203547	2	0.05088136194250386	
875	Chapter_23_p982,paragraph,	0	0.6340940306898265	1	0.2586388243988499	2	0.10726714491132361	
876	Chapter_9_p280,paragraph,charles	0	0.5491984226670676	1	0.31864686498104394	2	0.13215471235188847	
877	Chapter_8_p256,paragraph,	0	0.6704873556261961	1	0.22092299420717668	2	0.10858965016662725	
878	Chapter_18_p611,paragraph,so	0	0.6915861593344532	1	0.24510162357331614	2	0.06331221709223066	
879	Chapter_15_p531,paragraph,they	1	0.5209942019888857	0	0.40555232329639296	2	0.07345347471472156	
880	Chapter_23_p988,paragraph,the	0	0.6456503119393713	1	0.34370258270423726	2	0.01064710535639157	
881	Chapter_14_p505,paragraph,	0	0.571235275652777	1	0.38672151261064663	2	0.04204321173657641	
882	Chapter_22_p845,paragraph,	1	0.4775204935955179	0	0.47513464187782184	2	0.047344864526660285	
883	Chapter_18_p626,paragraph,she	0	0.7106833129720278	1	0.25496650547324257	2	0.03435018155472971	
884	Chapter_21_p814,paragraph,	0	0.4972076647495353	1	0.3769525901718097	2	0.12583974507865506	
885	Chapter_24_p997,paragraph,the	1	0.591272055376904	0	0.3827302960554286	2	0.025997648567667654	
886	Chapter_19_p663,paragraph,lady	0	0.6865624828116863	1	0.2394759168551119	2	0.07396160033320179	
887	Chapter_13_p485,paragraph,	0	0.7782055147334161	1	0.2000460717974842	2	0.021748413469099698	
888	Chapter_17_p589,paragraph,	1	0.5418868807993239	0	0.39982342457074044	2	0.058289694629935856	
889	Chapter_23_p968,paragraph,	0	0.6547813086797174	1	0.28527582548421687	2	0.059942865836065805	
890	Chapter_21_p796,paragraph,	0	0.57901753303789	1	0.40079334151580637	2	0.020189125446303642	
891	Chapter_16_p550,paragraph,he	0	0.7554338192340146	1	0.18974974212670204	2	0.05481643863928335	
892	Chapter_21_p751,paragraph,	0	0.6576578858916555	1	0.25656920985207937	2	0.08577290425626521	
893	Chapter_3_p52,paragraph,	0	0.6226470271655935	1	0.33682261700599175	2	0.04053035582841479	
894	Chapter_21_p788,paragraph,	0	0.5541038563248033	1	0.37881323812964385	2	0.06708290554555288	
895	Chapter_8_p214,paragraph,they	0	0.5969416913335227	2	0.25320318328952895	1	0.14985512537694834	
896	Chapter_23_p945,paragraph,she	0	0.7482002006221142	1	0.2001095006299745	2	0.05169029874791132	
897	Chapter_9_p297,paragraph,captain	0	0.8021728764959531	1	0.16347694194931717	2	0.03435018155472971	
898	Chapter_8_p251,paragraph,	0	0.6479806996570081	1	0.24707474486399267	2	0.1049445554789993	
899	Chapter_23_p938,paragraph,	0	0.6136608996017626	1	0.2596991515757251	2	0.12663994882251225	
900	Chapter_6_p159,paragraph,the	0	0.7360889824521716	1	0.20973448772684958	2	0.05417652982097882	
901	Chapter_9_p283,paragraph,	0	0.7605223719117091	1	0.21375605126736963	2	0.02572157682092129	
902	Chapter_2_p27,paragraph,	1	0.5132599284702861	0	0.4712660468396649	2	0.015474024690049154	
903	Chapter_23_p940,paragraph,	0	0.4968197141277583	1	0.46405769230498956	2	0.039122593567252145	
904	Chapter_12_p436,paragraph,	0	0.6432680954081759	1	0.2673536766825754	2	0.08937822790924878	
905	Chapter_6_p169,paragraph,to	0	0.6429796737701716	1	0.2426414265174587	2	0.11437889971236981	
906	Chapter_19_p674,paragraph,	0	0.5398601428193105	1	0.4107176093518555	2	0.04942224782883401	
907	Chapter_9_p299,paragraph,there	0	0.6007572718088044	2	0.20949298606449362	1	0.18974974212670204	
908	Chapter_7_p174,paragraph,her	0	0.7558844073707824	2	0.12522796277589887	1	0.11888762985331876	
909	Chapter_24_p1002,paragraph,mrs	1	0.4992230178876691	0	0.4309774669235356	2	0.06979951518879535	
910	Chapter_22_p891,paragraph,	0	0.540786750917019	1	0.3923972167898361	2	0.06681603229314503	
911	Chapter_6_p151,paragraph,the	0	0.5904562805666775	1	0.2569050092364004	2	0.15263871019692202	
912	Chapter_23_p961,paragraph,	0	0.8376213806732037	1	0.12904499728256602	2	0.03333362204423033	
913	Chapter_21_p790,paragraph,	0	0.6012347320255873	1	0.35142040344775244	2	0.047344864526660285	
914	Chapter_22_p844,paragraph,she	0	0.6386709929069178	1	0.2944424985393026	2	0.0668865085537797	
915	Chapter_21_p767,paragraph,	1	0.46142806247480306	0	0.43487002536652614	2	0.10370191215867082	
916	Chapter_14_p500,paragraph,	0	0.5917931784062742	1	0.35403029177274703	2	0.05417652982097882	
917	Chapter_15_p535,paragraph,anne	1	0.677011151637748	0	0.2864045673434682	2	0.036584281018783915	
918	Chapter_18_p610,paragraph,	0	0.5158366683863078	1	0.32416860952496945	2	0.15999472208872267	
919	Chapter_15_p528,paragraph,they	0	0.7805662718511952	1	0.17494040087806778	2	0.044493327270737015	
920	Chapter_18_p613,paragraph,mary	0	0.5819554997389265	1	0.30415171885116415	2	0.11389278140990944	
921	Chapter_15_p546,paragraph,his	0	0.49795576823662646	1	0.43224471657457825	2	0.06979951518879535	
922	Chapter_23_p977,paragraph,	0	0.6832147446635812	1	0.27474204359984244	2	0.04204321173657641	
923	Chapter_5_p134,paragraph,anne	0	0.4377758028491156	2	0.40826817492122475	1	0.15395602222965982	
924	Chapter_2_p37,paragraph,sir	1	0.5756748452245186	0	0.35604995847665716	2	0.06827519629882432	
925	Chapter_14_p522,paragraph,elizabeth	0	0.4758086747039663	1	0.4158724896424657	2	0.10831883565356815	
926	Chapter_3_p67,paragraph,	0	0.5171680052604103	1	0.35142040344775244	2	0.13141159129183727	
927	Chapter_18_p620,paragraph,	0	0.7615801458795113	1	0.18498103742535413	2	0.053438816695134665	
928	Chapter_17_p577,paragraph,anne	1	0.4733234124062542	0	0.42030129981272574	2	0.1063752877810201	
929	Chapter_8_p219,paragraph,when	0	0.5835983128381922	1	0.3840261859250887	2	0.03237550123671921	
930	Chapter_21_p831,paragraph,	1	0.4760020461396717	0	0.47533262184772573	2	0.04866533201260277	
931	Chapter_8_p228,paragraph,	0	0.7130525561203794	1	0.16035505667352248	2	0.1265923872060982	
932	Chapter_7_p203,paragraph,mary	0	0.53664439958789	1	0.3775826961558448	2	0.08577290425626521	
933	Chapter_10_p332,paragraph,	0	0.5835983128381922	1	0.3840261859250887	2	0.03237550123671921	
934	Chapter_5_p105,paragraph,	0	0.6276155233845642	1	0.32296222878660186	2	0.04942224782883401	
935	Chapter_7_p173,paragraph,his	0	0.6327900079247882	1	0.18570344196821376	2	0.1815065501069981	
936	Chapter_18_p636,paragraph,anne	0	0.621695880733775	1	0.27086113061791295	2	0.10744298864831212	
937	Chapter_6_p150,paragraph,the	0	0.6386709929069178	1	0.23153087039003364	2	0.12979813670304863	
938	Chapter_3_p41,paragraph,	1	0.5862163462215156	0	0.39203524030938475	2	0.021748413469099698	
939	Chapter_6_p143,paragraph,one	0	0.6360179665988074	1	0.322116749808194	2	0.041865283592998674	
940	Chapter_11_p366,paragraph,they	0	0.6691786203900938	1	0.25942792702817735	2	0.07139345258172898	
941	Chapter_12_p434,paragraph,it	0	0.7913027260751669	1	0.18332016371601628	2	0.02537711020881692	
942	Chapter_3_p55,paragraph,	0	0.673217942878722	1	0.2596991515757251	2	0.06708290554555288	
943	Chapter_8_p267,paragraph,it	0	0.7044866411073191	1	0.2394759168551119	2	0.05603744203756908	
944	Chapter_19_p666,paragraph,	0	0.6136608996017626	1	0.31925619485268447	2	0.06708290554555288	
945	Chapter_3_p78,paragraph,mr	0	0.574977847237936	1	0.26708801583930714	2	0.15793413692275685	
946	Chapter_13_p461,paragraph,she	0	0.6226470271655935	1	0.22887254523408634	2	0.14848042760032024	
947	Chapter_4_p86,paragraph,they	1	0.43492736141127225	0	0.37398321430408876	2	0.1910894242846391	
948	Chapter_22_p880,paragraph,mary	0	0.7202799735698114	1	0.2000460717974842	2	0.0796739546327044	
949	Chapter_1_p1,paragraph,sir	1	0.4829776135891418	0	0.3175448540453064	2	0.19947753236555177	
950	Chapter_13_p464,paragraph,anne	0	0.5246920940482253	1	0.3903307166583548	2	0.08497718929341998	
951	Chapter_23_p925,paragraph,	0	0.5646350235033126	2	0.2352554758667129	1	0.2001095006299745	
952	Chapter_12_p383,paragraph,anne	0	0.7066358848905095	1	0.2530849193236981	2	0.04027919578579233	
953	Chapter_24_p995,paragraph,who	0	0.5306827554999066	1	0.3835876282580582	2	0.0857296162420353	
954	Chapter_21_p824,paragraph,	1	0.48204799299807105	0	0.4465750583992266	2	0.07137694860270238	
955	Chapter_18_p619,paragraph,	0	0.5295037067600539	1	0.40143748361023884	2	0.06905880962970734	
956	Chapter_8_p243,paragraph,	0	0.6709317832710339	1	0.28539483080378797	2	0.0436733859251782	
957	Chapter_11_p378,paragraph,when	0	0.6334154430827544	1	0.2816073676238256	2	0.08497718929341998	
958	Chapter_7_p177,paragraph,the	0	0.8042521918799809	1	0.17809060649027159	2	0.017657201629747637	
959	Chapter_14_p520,paragraph,everybody	0	0.5650301949405638	2	0.34114398293044784	1	0.09382582212898848	
960	Chapter_13_p483,paragraph,	0	0.5789997082408135	1	0.352457424114613	2	0.06854286764457365	
961	Chapter_18_p649,paragraph,	0	0.6012347320255873	1	0.35142040344775244	2	0.047344864526660285	
962	Chapter_23_p930,paragraph,	0	0.5791674016000635	1	0.3575203813077058	2	0.06331221709223066	
963	Chapter_17_p585,paragraph,	0	0.5463196148349769	1	0.40389008738093485	2	0.04979029778408826	
964	Chapter_22_p897,paragraph,captain	0	0.6946137416801972	1	0.26485590249138813	2	0.04053035582841479	
965	Chapter_10_p349,paragraph,	0	0.7052208839258837	1	0.2556565225068642	2	0.039122593567252145	
966	Chapter_23_p971,paragraph,she	0	0.6454982971989431	1	0.30040358714067217	2	0.05409811566038471	
967	Chapter_3_p72,paragraph,	0	0.5339087859825089	1	0.4240480022809147	2	0.04204321173657641	
968	Chapter_24_p1003,paragraph,it	1	0.48584830206214985	0	0.48434631833413516	2	0.029805379603715043	
969	Chapter_6_p158,paragraph,she	0	0.5778348688684783	1	0.2822638649085812	2	0.1399012662229405	
970	Chapter_19_p655,paragraph,mr	0	0.6345186844890961	1	0.32931289713764267	2	0.03616841837326134	
971	Chapter_16_p569,paragraph,	0	0.5348314619362213	1	0.4081083400038024	2	0.057060198059976246	
972	Chapter_10_p352,paragraph,but	0	0.45330356736123256	2	0.3153866200034617	1	0.23130981263530578	
973	Chapter_9_p301,paragraph,	0	0.7383335434274991	1	0.21623138108415757	2	0.045435075488343406	
974	Chapter_2_p29,paragraph,how	0	0.5202818686743234	1	0.38759251569918435	2	0.09212561562649227	
975	Chapter_6_p166,paragraph,he	0	0.7709820512155859	1	0.18258128368237556	2	0.046436665102038595	
976	Chapter_3_p42,paragraph,	1	0.5335247489043646	0	0.4273526575283832	2	0.039122593567252145	
977	Chapter_9_p300,paragraph,	0	0.548345255389828	1	0.39171187877410624	2	0.059942865836065805	
978	Chapter_7_p209,paragraph,	0	0.5886972282734607	1	0.3769525901718097	2	0.03435018155472971	
979	Chapter_23_p917,paragraph,mrs	0	0.8857522208827256	1	0.10197676636905559	2	0.012271012748218808	
980	Chapter_18_p627,paragraph,the	0	0.7330384351308212	1	0.23153087039003364	2	0.03543069447914522	
981	Chapter_12_p411,paragraph,there	0	0.564547048778509	2	0.22826376884266872	1	0.2071891823788224	
982	Chapter_21_p817,paragraph,	0	0.621695880733775	1	0.32139010495997977	2	0.05691401430624528	
983	Chapter_23_p913,paragraph,one	0	0.5885395102171948	1	0.38883848160302475	2	0.02262200817978055	
984	Chapter_16_p568,paragraph,	0	0.5436945770576417	1	0.30593169042411456	2	0.1503737325182438	
985	Chapter_18_p601,paragraph,it	0	0.8608144998953483	1	0.09965511873645476	2	0.03953038136819694	
986	Chapter_22_p854,paragraph,she	0	0.4732398704375844	1	0.27850789392263553	2	0.24825223563978008	
987	Chapter_18_p629,paragraph,anne	0	0.5300487528701635	2	0.29058975324329706	1	0.17936149388653952	
988	Chapter_22_p912,paragraph,	0	0.8329499801753733	1	0.14721639540204953	2	0.01983362442257724	
989	Chapter_6_p140,paragraph,she	1	0.5225563070801144	0	0.45112101301582963	2	0.026322679904056068	
990	Chapter_3_p62,paragraph,	0	0.6012347320255873	1	0.30938704006516393	2	0.08937822790924878	
991	Chapter_13_p474,paragraph,mrs	0	0.748479340713397	1	0.20784727336142497	2	0.0436733859251782	
992	Chapter_19_p659,paragraph,she	0	0.7528182843118745	2	0.1487668258312172	1	0.09841488985690841	
993	Chapter_16_p566,paragraph,	0	0.6231729688750949	1	0.3453561103734245	2	0.03147092075148069	
994	Chapter_19_p686,paragraph,she	0	0.7149579548586514	1	0.2544265303651933	2	0.03061551477615538	
995	Chapter_23_p921,paragraph,	0	0.6801867917973861	1	0.19397346312395897	2	0.12583974507865506	
996	Chapter_6_p162,paragraph,the	0	0.7492123265441537	1	0.14782925711258632	2	0.10295841634326001	
997	Chapter_22_p856,paragraph,she	0	0.5884620790857147	1	0.259924369128896	2	0.1516135517853894	
998	Chapter_16_p552,paragraph,if	0	0.5128477366083799	1	0.451721568912475	2	0.03543069447914522	
999	Chapter_12_p440,paragraph,she	0	0.7153709039498178	1	0.23520684822134819	2	0.04942224782883401	
1000	Chapter_23_p936,paragraph,	0	0.7596416659709997	1	0.17494040087806778	2	0.06541793315093256	
1001	Chapter_9_p293,paragraph,	0	0.7151159134096019	1	0.24707474486399267	2	0.03780934172640548	
1002	Chapter_23_p976,paragraph,he	0	0.655018636570022	1	0.27956343027904546	2	0.06541793315093256	
1003	Chapter_7_p189,paragraph,	0	0.7097055619922155	1	0.24662105208260646	2	0.0436733859251782	
1004	Chapter_20_p733,paragraph,the	0	0.5801063227571329	1	0.3763122736656883	2	0.04358140357717881	
1005	Chapter_12_p403,paragraph,	0	0.6704873556261961	1	0.2903900508065518	2	0.039122593567252145	
